ID	Description	setSize	enrichmentScore	NES	pvalue	p.adjust	qvalues	rank	leading_edge	core_enrichment
GO:0048531	beta-1,3-galactosyltransferase activity	12	0.754365117235719	1.82714829463731	0.0019467622961769	0.840827387261383	0.840827387261383	1390	tags=25%, list=11%, signal=22%	C1GALT1/B3GALNT1/B3GNT5
GO:0008484	sulfuric ester hydrolase activity	11	-0.753920879166594	-1.74587754342142	0.00267659413267033	0.840827387261383	0.840827387261383	790	tags=36%, list=6%, signal=34%	ARSB/ARSA/SULF2/GALNS
GO:0042054	histone methyltransferase activity	51	-0.488932545447584	-1.586220160965	0.00543799093274799	0.840827387261383	0.840827387261383	2367	tags=37%, list=18%, signal=31%	SMYD3/SETDB2/N6AMT1/WDR5/CXXC1/KMT2A/KMT2B/SMYD5/ASH2L/SETMAR/PRMT7/FBL/SETD5/KMT2D/KMT2C/SETD1A/KMT5C/PRDM6/PRMT8
GO:0042800	histone methyltransferase activity (H3-K4 specific)	15	-0.698000835037503	-1.76475750946065	0.00564517018868669	0.840827387261383	0.840827387261383	1760	tags=60%, list=13%, signal=52%	WDR5/CXXC1/KMT2A/KMT2B/ASH2L/SETMAR/KMT2D/KMT2C/SETD1A
GO:0016780	phosphotransferase activity, for other substituted phosphate groups	20	-0.638796845287335	-1.70160059664868	0.00666488106583022	0.840827387261383	0.840827387261383	2400	tags=55%, list=18%, signal=45%	SGMS1/SELENOI/PIGN/PIGG/CHPT1/PIGF/CDIPT/CEPT1/PIGO/PTDSS2/DPAGT1
GO:0005237	inhibitory extracellular ligand-gated ion channel activity	11	0.735153138138618	1.74595286978104	0.00802896247248205	0.840827387261383	0.840827387261383	681	tags=27%, list=5%, signal=26%	GABRA5/GABRA2/GABRA4
GO:0045309	protein phosphorylated amino acid binding	41	0.518417518618248	1.64629398524932	0.00810774032722659	0.840827387261383	0.840827387261383	2155	tags=37%, list=16%, signal=31%	SHC3/PIN1/FBXW7/PIK3R2/PIK3R3/NCK2/PCIF1/ABL1/SHE/BTRC/SHF/CBLB/PIK3R1/SH3BP2/SH2D3C
GO:0051018	protein kinase A binding	43	0.506681867176924	1.63280852176082	0.0137645156335958	0.840827387261383	0.840827387261383	2399	tags=37%, list=18%, signal=31%	SPATC1L/PJA2/ACBD3/AKAP5/PRKAR2A/MYRIP/AKAP13/AKAP9/LRRK2/RYR2/AKAP10/DACT1/PRKAR1A/AKAP7/SPHKAP/ARFGEF1
GO:0016627	oxidoreductase activity, acting on the CH-CH group of donors	49	-0.476461588854496	-1.53120032185367	0.013866935563231	0.840827387261383	0.840827387261383	2570	tags=41%, list=20%, signal=33%	AKR1C1/DECR1/SDHC/TM7SF2/PECR/TECR/ACOX1/ACAD11/LBR/ACADM/COX15/AKR1B1/DHCR24/FASN/IVD/ACAD10/ACADVL/PPOX/DUS2/DHCR7
GO:0035014	phosphatidylinositol 3-kinase regulator activity	12	0.672813509554429	1.62962208684311	0.0145601813701176	0.840827387261383	0.840827387261383	3907	tags=67%, list=30%, signal=47%	PIK3R2/PIK3R3/PIK3R1/AGAP2/SOCS7/SOCS4/SOCS2/WDR91
GO:0140303	intramembrane lipid transporter activity	26	0.554448530048214	1.60268845013715	0.014811240703674	0.840827387261383	0.840827387261383	1317	tags=35%, list=10%, signal=31%	ABCB1/ANO6/MFSD2A/ATP11A/ATP10A/ATP8B4/ATP8B1/ATP11B/ATP9B
GO:0005267	potassium channel activity	79	0.410766125097449	1.45370939911114	0.0149336229142488	0.840827387261383	0.840827387261383	1932	tags=27%, list=15%, signal=23%	AQP1/KCNK4/KCNQ5/KCNE3/KCNT1/GRIK4/TMEM175/KCNAB2/KCNK1/KCNH7/KCNH3/KCNIP4/KCNN3/KCNH1/KCNIP2/KCNMB3/KCNMA1/KCNN1/KCNK10/KCNK6/PKD2
GO:0005085	guanyl-nucleotide exchange factor activity	183	0.345100170756186	1.37373226055932	0.016353353467389	0.840827387261383	0.840827387261383	2650	tags=35%, list=20%, signal=28%	TIAM2/HERC2/TBC1D10A/MCF2L/BCR/FARP2/ARHGEF28/ARHGEF33/DOCK3/DENND6A/DNMBP/DOCK11/RALGPS2/IQSEC3/RAPGEF4/RASGRF2/RAB3IP/CYTH1/CYTH3/RAPGEF2/SBF1/DENND4C/HPS1/PSD/AKAP13/PREX2/ANKRD27/FNIP1/RIC8A/RCBTB2/ITSN1/VPS9D1/RAP1A/ARHGEF7/SPATA13/MCF2L2/NUCB2/WDR41/PLEKHG1/RASGEF1B/SBF2/RIN1/DENND6B/RAPGEFL1/RIC1/DENND4A/FGD1/DENND3/EIF2B5/DOCK7/ARHGEF10/SERGEF/SH2D3C/ARHGEF12/RIN2/RASGRP1/ITSN2/PLEKHG3/ARFGEF1/RALGPS1/PREX1/IQSEC2/DENND5A/DOCK9
GO:0005506	iron ion binding	73	-0.411042325821215	-1.43092273083468	0.0190227970426882	0.840827387261383	0.840827387261383	2404	tags=41%, list=18%, signal=34%	TMLHE/P3H1/PLOD3/TF/FECH/CYP26B1/TYW5/CYGB/JMJD6/PLOD2/CYP2U1/CYP4F3/ADI1/ISCA2/ALKBH3/ISCU/ALKBH1/P4HA1/FXN/MSMO1/NFU1/P4HA2/OGFOD2/PTGIS/KDM3A/DOHH/PHF8/CYP4V2/PHF2/P3H3
GO:1901681	sulfur compound binding	153	-0.34590107649326	-1.33128826027005	0.0197360674600748	0.840827387261383	0.840827387261383	2426	tags=29%, list=19%, signal=24%	ACBD6/METTL17/LPL/TPK1/PRELP/FN1/TKT/ZNF207/GSTM2/ALDH6A1/N6AMT1/GREM2/ACACB/SLIT2/TNXB/SCP2/ILVBL/ANXA6/LIPG/FGFR1/APP/METTL3/GSTM4/VEGFA/PC/MDK/COL25A1/LRP1/IMPG2/ACADVL/COLQ/HACL1/CEP104/GSTM3/SLIT1/APLP1/NRP2/MCCC1/PTPRF/TENM1/FBN1/MGST1/KMT5C/PRMT8/COL11A1
GO:0005543	phospholipid binding	339	-0.291370988077423	-1.2356583814859	0.0203154132309326	0.840827387261383	0.840827387261383	2396	tags=25%, list=18%, signal=21%	PICK1/PEMT/FERMT2/PASK/FRMPD4/CCDC88A/PHF12/MAP1LC3A/AIDA/SNX24/GBF1/PCYT1B/ZCCHC2/ARFIP2/ESYT3/RACGAP1/DOC2A/PLA2G4C/LAPTM4B/MARK1/CPNE1/ANXA6/SNX4/RUBCN/NUP62/PLEKHA5/PCTP/WASHC2A/TOM1L1/PLA2G4B/SYT3/ACTN2/IQGAP1/SNX16/GAS6/TWF2/VAMP2/GSDMB/BAIAP3/FLII/UNC13B/ATG2A/GGA2/RPH3A/CLN6/PIK3C2B/KRIT1/SMURF1/GPAA1/SPTBN1/ARAP1/CPTP/ANKFY1/CLINT1/SNX32/SH3YL1/PITPNB/GGA3/SYTL4/EPB41/MPPE1/SLC9A1/CPNE4/ARHGAP44/BCAS3/C2CD5/DENND1A/ESYT1/TPCN1/CPNE5/GRK5/ADGRB1/WASHC2C/TOM1/ARAP2/ZFYVE1/PLA2G15/ZFYVE26/GOLPH3L/HGS/OSBPL10/GLE1/SPTBN4/RASA4
GO:0015459	potassium channel regulator activity	38	0.491462827853945	1.53711941059307	0.020345445507824	0.840827387261383	0.840827387261383	2411	tags=37%, list=18%, signal=30%	SGK1/KCNE3/KCNAB2/WNK1/NEDD4L/KCNIP4/KCNIP2/KCNMB3/ARPP19/DPP6/AKAP9/WNK3/PRKCZ/ENSA
GO:0003995	acyl-CoA dehydrogenase activity	11	-0.67692527856696	-1.56757648591822	0.021140214552096	0.840827387261383	0.840827387261383	2069	tags=55%, list=16%, signal=46%	TECR/ACAD11/ACADM/IVD/ACAD10/ACADVL
GO:0001784	phosphotyrosine residue binding	29	0.514898497395505	1.51685450699492	0.021741765372684	0.840827387261383	0.840827387261383	2155	tags=38%, list=16%, signal=32%	SHC3/PIK3R2/PIK3R3/NCK2/ABL1/SHE/SHF/CBLB/PIK3R1/SH3BP2/SH2D3C
GO:0016765	transferase activity, transferring alkyl or aryl (other than methyl) groups	45	-0.467948552124862	-1.48183230913975	0.0225849730000749	0.840827387261383	0.840827387261383	3040	tags=42%, list=23%, signal=33%	GSTZ1/GSTO1/DHDDS/COX10/GSTM2/FDPS/FDFT1/FNTA/NANS/DHPS/GSTM4/DPH1/RABGGTA/NUS1/AGPS/DTWD1/TRIT1/GSTM3/MGST1
GO:0140098	catalytic activity, acting on RNA	343	-0.297194033038444	-1.26112928614661	0.0234015013374405	0.840827387261383	0.840827387261383	2934	tags=32%, list=22%, signal=26%	MTFMT/SMG6/REXO2/EIF4A2/DDX39A/POLR2K/QRSL1/METTL2B/DICER1/DIS3L/EXOSC10/POLR1G/YTHDC2/TRMU/NSUN5/HENMT1/FTSJ3/PRORP/TOE1/SND1/TYW5/METTL25B/YBEY/POLR3F/METTL6/TARS1/METTL2A/CNOT7/TRMT2B/JMJD6/QTRT2/TRMT1L/DDX54/TFB1M/AGO3/FARSA/TUT1/YARS1/LARS2/RMRP/EDC3/DDX50/DIMT1/N4BP1/DDX19A/PAN2/DHX33/DHX34/RPP30/DDX56/GATC/DHX9/ALKBH3/DBR1/NSUN3/POLR2A/METTL3/ALKBH1/MRPL58/LACTB2/TRMT44/METTL4/DDX51/USB1/CARS1/DHX30/DHX8/DDX23/VARS1/POLR3G/DROSHA/TARS2/TRMT1/DDX25/EXOSC5/BUD23/TSEN2/DHX35/DDX31/DDX5/IGHMBP2/MEPCE/DTWD1/POLR1B/TRIT1/FBL/CNOT8/DHX37/AARS1/POLR1C/METTL15/TYW1/POLR1D/RPAP1/RCL1/DUS2/MRM1/LARS1/EXD2/CNOT2/DDX27/TUT4/EXOSC7/HARS2/POLR3A/DHX38/POLR2J2/WARS1/CARS2/ENDOV/SKIV2L
GO:0051213	dioxygenase activity	68	-0.414796655267964	-1.42476170092607	0.0237043898859119	0.840827387261383	0.840827387261383	2596	tags=38%, list=20%, signal=31%	KDM5B/ASPH/KDM4A/TYW5/KDM3B/TET3/JMJD6/PLOD2/ADI1/ALKBH3/ALKBH1/P4HA1/POR/KDM5C/P4HA2/OGFOD2/KDM3A/PHF8/KDM6B/KDM8/BCO2/KDM2B/PHF2/PIR/ALKBH4/P3H3
GO:0031690	adrenergic receptor binding	19	0.59120041116606	1.60800247228779	0.0245739492028177	0.840827387261383	0.840827387261383	1461	tags=37%, list=11%, signal=33%	ARRDC3/AKAP5/MAGI2/PDE4D/ARRB2/RAPGEF2/GRK2
GO:0043225	ATPase-coupled inorganic anion transmembrane transporter activity	13	-0.639904828069663	-1.56367625662937	0.0247460035330115	0.840827387261383	0.840827387261383	936	tags=38%, list=7%, signal=36%	SLC26A6/CLCN6/CLCN7/ABCC10/ABCC1
GO:1904315	transmitter-gated ion channel activity involved in regulation of postsynaptic membrane potential	25	0.550838972684045	1.57203153224048	0.0251921537106159	0.840827387261383	0.840827387261383	772	tags=16%, list=6%, signal=15%	GABRA5/GABRA2/GABRA4/GRIK4
GO:0008028	monocarboxylic acid transmembrane transporter activity	29	0.504048324065597	1.48489066480001	0.0266069834735022	0.840827387261383	0.840827387261383	2869	tags=38%, list=22%, signal=30%	SLCO2B1/MFSD2A/SLC6A6/ABCG2/SLC5A6/SLCO1A2/SLC6A11/SLC27A1/SLC16A7/ABCC4/SLCO1C1
GO:0008499	UDP-galactose:beta-N-acetylglucosamine beta-1,3-galactosyltransferase activity	10	0.694528409352589	1.59718339938934	0.0270789057324636	0.840827387261383	0.840827387261383	1390	tags=20%, list=11%, signal=18%	B3GALNT1/B3GNT5
GO:0098960	postsynaptic neurotransmitter receptor activity	32	0.496823251607777	1.49238402333626	0.0279163976623336	0.840827387261383	0.840827387261383	772	tags=12%, list=6%, signal=12%	GABRA5/GABRA2/GABRA4/GRIK4
GO:0004312	fatty acid synthase activity	11	-0.663875894442335	-1.53735762963207	0.0279404659337423	0.840827387261383	0.840827387261383	2617	tags=45%, list=20%, signal=36%	ELOVL4/ELOVL6/ELOVL1/FASN/ELOVL5
GO:0099529	neurotransmitter receptor activity involved in regulation of postsynaptic membrane potential	28	0.529794379227155	1.55334063240178	0.030615153999571	0.840827387261383	0.840827387261383	772	tags=14%, list=6%, signal=13%	GABRA5/GABRA2/GABRA4/GRIK4
GO:0005123	death receptor binding	14	0.62235080366171	1.5582287270158	0.0310770453285763	0.840827387261383	0.840827387261383	1318	tags=29%, list=10%, signal=26%	CASP8AP2/RIPK1/DAB2IP/CFLAR
GO:0003925	G protein activity	37	0.465412704257699	1.44021232128832	0.0315393116675113	0.840827387261383	0.840827387261383	1709	tags=22%, list=13%, signal=19%	RASL10A/RAB27B/RASL12/RAB27A/RASL10B/RIT2/RAP1A/KRAS
GO:0016491	oxidoreductase activity	498	-0.277833373993592	-1.21140754428388	0.0315543086701454	0.840827387261383	0.840827387261383	2639	tags=26%, list=20%, signal=21%	CYP26B1/RRM1/KDM5B/ASPH/SCCPDH/AKR1C1/MDH2/DECR1/CYBRD1/SDHC/FADS2/KDM4A/TM7SF2/TYW5/FADS3/CYGB/KDM3B/TET3/GSTM2/QDPR/QSOX2/IDH1/ALDH6A1/ALDH1A2/MAOA/FADS1/JMJD6/VAT1L/IDH3A/PLOD2/CYP2U1/CYB5R1/DHRS7B/PECR/TECR/IL4I1/ALDH7A1/ACOX1/ACAD11/CTBP1/SUOX/NNT/CYP4F3/CYB5A/DHRS11/LBR/D2HGDH/MAOB/ADI1/ACADM/NDUFA10/AKR1E2/COX15/ERO1B/IMPDH1/ALKBH3/FAR2/RDH11/AKR1B1/CYB561D1/CTBP2/PDIA3/ALKBH1/PDIA6/MDH1/CCS/P4HA1/ALDH8A1/FXN/MSMO1/POR/CYB561/DHCR24/KDM5C/ALDH5A1/PYCR2/NDUFC1/RDH16/FASN/SDR39U1/BCKDHB/P4HA2/OGFOD2/PTGIS/NDUFS3/IVD/PCBD1/GMPR2/ACAD10/KDM3A/GFUS/DCT/FDX2/CRYL1/BCKDHA/DOHH/PHF8/AGPS/CYP4V2/VKORC1L1/ADHFE1/HSD17B7/ACADVL/DHRS4/MGST3/PPOX/AIFM2/FDXR/BDH1/KDM6B/PDPR/KDM8/BCO2/COX11/DUS2/DCXR/KDM2B/PHF2/PXDN/NDUFB2/PYROXD1/DHCR7/MGST1/PIR/ALKBH4/DHRS1/P3H3
GO:0140333	glycerophospholipid flippase activity	10	0.689304206843037	1.58516947827259	0.0321743477174982	0.840827387261383	0.840827387261383	1165	tags=50%, list=9%, signal=46%	ABCB1/MFSD2A/ATP11A/ATP10A/ATP8B1
GO:0030695	GTPase regulator activity	394	0.284226465456333	1.23580537940065	0.0330064406039647	0.840827387261383	0.840827387261383	2652	tags=30%, list=20%, signal=25%	RGPD8/TIAM2/HERC2/USP6NL/ELMOD1/ACAP3/ALS2CL/TBC1D10A/ARHGAP17/MCF2L/BCR/AGAP5/FARP2/ARHGEF28/ARHGEF33/DOCK3/RGS6/TBC1D4/DENND6A/DNMBP/DOCK11/RGPD3/RALGPS2/IQSEC3/ARHGAP10/SIPA1L3/RAPGEF4/TNK2/RASGRF2/ARHGAP42/RAB3IP/OPHN1/CYTH1/SIPA1L1/CYTH3/SGSM2/NRP1/MYO9B/ARHGAP23/RAPGEF2/GPSM2/AGAP4/SBF1/DENND4C/DAB2IP/RALGAPA2/HPS1/PSD/AKAP13/PREX2/ANKRD27/FNIP1/RIC8A/RCBTB2/TBC1D5/ITSN1/ARHGAP11A/RGS2/VPS9D1/RASA2/RAP1A/RGS14/ARHGEF7/TBC1D8B/SPATA13/RALGAPA1/MCF2L2/NUCB2/WDR41/PLEKHG1/RASGEF1B/RIMS1/SBF2/ASAP1/RUNDC3A/RGS12/GPS1/LRRK2/RIN1/STARD8/DENND6B/DNM1L/RANBP2/FAM13A/AGFG1/RAPGEFL1/RIC1/DENND4A/FGD1/DENND3/RASAL1/EIF2B5/DOCK7/ARHGEF10/SERGEF/ADGRB3/SH2D3C/ARHGEF12/RIN2/GPS2/RALGAPB/RASGRP1/AGAP9/ITSN2/RAP1GAP2/TBC1D2B/PLEKHG3/ARFGEF1/RALGPS1/TBC1D1/MYO9A/CHM/AGAP2/RANBP1/PREX1/IQSEC2/DENND5A/DOCK9/GIT2
GO:0060589	nucleoside-triphosphatase regulator activity	394	0.284226465456333	1.23580537940065	0.0330064406039647	0.840827387261383	0.840827387261383	2652	tags=30%, list=20%, signal=25%	RGPD8/TIAM2/HERC2/USP6NL/ELMOD1/ACAP3/ALS2CL/TBC1D10A/ARHGAP17/MCF2L/BCR/AGAP5/FARP2/ARHGEF28/ARHGEF33/DOCK3/RGS6/TBC1D4/DENND6A/DNMBP/DOCK11/RGPD3/RALGPS2/IQSEC3/ARHGAP10/SIPA1L3/RAPGEF4/TNK2/RASGRF2/ARHGAP42/RAB3IP/OPHN1/CYTH1/SIPA1L1/CYTH3/SGSM2/NRP1/MYO9B/ARHGAP23/RAPGEF2/GPSM2/AGAP4/SBF1/DENND4C/DAB2IP/RALGAPA2/HPS1/PSD/AKAP13/PREX2/ANKRD27/FNIP1/RIC8A/RCBTB2/TBC1D5/ITSN1/ARHGAP11A/RGS2/VPS9D1/RASA2/RAP1A/RGS14/ARHGEF7/TBC1D8B/SPATA13/RALGAPA1/MCF2L2/NUCB2/WDR41/PLEKHG1/RASGEF1B/RIMS1/SBF2/ASAP1/RUNDC3A/RGS12/GPS1/LRRK2/RIN1/STARD8/DENND6B/DNM1L/RANBP2/FAM13A/AGFG1/RAPGEFL1/RIC1/DENND4A/FGD1/DENND3/RASAL1/EIF2B5/DOCK7/ARHGEF10/SERGEF/ADGRB3/SH2D3C/ARHGEF12/RIN2/GPS2/RALGAPB/RASGRP1/AGAP9/ITSN2/RAP1GAP2/TBC1D2B/PLEKHG3/ARFGEF1/RALGPS1/TBC1D1/MYO9A/CHM/AGAP2/RANBP1/PREX1/IQSEC2/DENND5A/DOCK9/GIT2
GO:0099106	ion channel regulator activity	96	0.373219110743082	1.36661429916834	0.0335849141101234	0.840827387261383	0.840827387261383	2411	tags=24%, list=18%, signal=20%	YWHAH/ANKRD36C/HPCAL4/SCLT1/SGK1/TRPV1/KCNE3/KCNAB2/PRKG1/WNK1/NEDD4L/KCNIP4/KCNIP2/KCNMB3/ARPP19/DPP6/AKAP9/NRXN1/PRKCB/WNK3/PRKCZ/PKP2/ENSA
GO:0004890	GABA-A receptor activity	13	0.62367167557626	1.55019352278246	0.0346466385284867	0.840827387261383	0.840827387261383	681	tags=23%, list=5%, signal=22%	GABRA5/GABRA2/GABRA4
GO:0099095	ligand-gated anion channel activity	13	0.620287772284671	1.54178251877223	0.0346466385284867	0.840827387261383	0.840827387261383	681	tags=23%, list=5%, signal=22%	GABRA5/GABRA2/GABRA4
GO:0004674	protein serine/threonine kinase activity	312	0.291927042854551	1.23261957765292	0.0373299772755676	0.840827387261383	0.840827387261383	2648	tags=30%, list=20%, signal=25%	CHEK1/PRKD1/SLK/ROCK1/ALPK1/NME2/SGK1/DAPK1/BCR/MAPK11/PAK4/CDK11A/RPS6KA6/GRK4/STK38/HIPK1/MKNK1/CHUK/ITPKA/STK17B/BRSK2/PRKG1/ULK1/RIPK1/DYRK4/MAP3K10/MAP3K14/CDK6/MAP2K6/IRAK3/AKAP13/MAPK7/CDC7/TGFBR3/PRKAB2/ATM/SRPK1/ATR/IRAK1/MASTL/WNK1/SMG1/ACVR1/GRK2/NEK3/GRK6/MAP3K4/PAK3/MAST2/CSNK1G2/EIF2AK4/ACVR1C/MAPK6/NEK6/LRRK2/MAPK10/LTBP4/MAP4K3/STK16/PRKCB/CDK11B/HIPK3/MAP3K3/CSNK2A1/CAMK1D/MAP3K20/RPS6KA5/PAK5/CDK17/MAP4K5/PKN2/ATP23/CDK16/CASK/CAMK2A/WNK3/PRKCZ/PKN1/CDK9/ARAF/BRD2/MAPK8/PIKFYVE/PAK6/STK19/PHKG2/RIOK1/RPS6KA3/BMPR1A/STK24/PHKA1/CAMK1/CIT/MAST4/TOP1
GO:0034595	phosphatidylinositol phosphate 5-phosphatase activity	12	-0.671789880163229	-1.61450295225513	0.037586672707004	0.840827387261383	0.840827387261383	1413	tags=42%, list=11%, signal=37%	PTPMT1/INPP5K/INPP5B/SYNJ1/INPP5J
GO:0008138	protein tyrosine/serine/threonine phosphatase activity	34	0.479289360300755	1.45924243204713	0.0377426970901167	0.840827387261383	0.840827387261383	2829	tags=44%, list=22%, signal=35%	SSH2/STYXL1/DUSP4/SBF1/DUSP19/DUSP6/DUSP22/RNGTT/SSH1/DUSP12/DUSP8/DUSP9/PPM1F/DUSP16/DUSP5
GO:0016538	cyclin-dependent protein serine/threonine kinase regulator activity	36	0.484266632257941	1.48418969193603	0.0405255483507615	0.840827387261383	0.840827387261383	3279	tags=36%, list=25%, signal=27%	CCNB1/CCNC/CCND1/CCNG1/CCNJL/CCNA1/CCNT2/CCNL1/MNAT1/CCNQ/CCNT1/CCNK/CCNH
GO:0005096	GTPase activator activity	372	0.283160585306834	1.21890063730794	0.0411583257860549	0.840827387261383	0.840827387261383	2652	tags=30%, list=20%, signal=25%	RGPD8/TIAM2/HERC2/USP6NL/ELMOD1/ACAP3/ALS2CL/TBC1D10A/ARHGAP17/MCF2L/BCR/AGAP5/FARP2/ARHGEF28/ARHGEF33/DOCK3/RGS6/TBC1D4/DENND6A/DNMBP/DOCK11/RGPD3/RALGPS2/IQSEC3/ARHGAP10/SIPA1L3/RAPGEF4/RASGRF2/ARHGAP42/RAB3IP/OPHN1/CYTH1/SIPA1L1/CYTH3/SGSM2/NRP1/MYO9B/ARHGAP23/RAPGEF2/AGAP4/SBF1/DENND4C/DAB2IP/RALGAPA2/HPS1/PSD/AKAP13/PREX2/ANKRD27/FNIP1/RIC8A/RCBTB2/TBC1D5/ITSN1/ARHGAP11A/RGS2/VPS9D1/RASA2/RAP1A/RGS14/ARHGEF7/TBC1D8B/SPATA13/RALGAPA1/MCF2L2/NUCB2/WDR41/PLEKHG1/RASGEF1B/SBF2/ASAP1/RGS12/LRRK2/RIN1/STARD8/DENND6B/DNM1L/RANBP2/FAM13A/AGFG1/RAPGEFL1/RIC1/DENND4A/FGD1/DENND3/RASAL1/EIF2B5/DOCK7/ARHGEF10/SERGEF/ADGRB3/SH2D3C/ARHGEF12/RIN2/RALGAPB/RASGRP1/AGAP9/ITSN2/RAP1GAP2/TBC1D2B/PLEKHG3/ARFGEF1/RALGPS1/TBC1D1/MYO9A/CHM/AGAP2/RANBP1/PREX1/IQSEC2/DENND5A/DOCK9/GIT2
GO:0019956	chemokine binding	10	0.669390934453376	1.53937560193868	0.0423977104826214	0.840827387261383	0.840827387261383	2766	tags=50%, list=21%, signal=39%	ACKR1/A2M/HMGB1/ACKR2/CX3CR1
GO:0001046	core promoter sequence-specific DNA binding	38	-0.467543376231636	-1.43276475832736	0.0487329434697856	0.840827387261383	0.840827387261383	2237	tags=29%, list=17%, signal=24%	FOXP1/BAZ2A/HDAC1/STAT1/TAF4/TAF1C/SMARCA4/RRN3/MACROH2A1/ZBTB17/PIH1D1
GO:0000217	DNA secondary structure binding	28	0.509673668136005	1.49434733365011	0.0488018906888857	0.840827387261383	0.840827387261383	1492	tags=32%, list=11%, signal=29%	WRN/MEF2C/LIN54/FANCM/POT1/HMGB1/RBBP8/ABL1/MAPT
GO:0051539	4 iron, 4 sulfur cluster binding	39	-0.4542732136862	-1.40547320507703	0.0518234165067179	0.840827387261383	0.840827387261383	2104	tags=41%, list=16%, signal=35%	IREB2/ELP3/ERCC2/REV3L/NUBPL/ISCA2/NFU1/RSAD2/MUTYH/POLA1/CIAO3/TYW1/DNA2/NUBP2/RTEL1/LIAS
GO:0043621	protein self-association	44	-0.437567308167701	-1.3786022734985	0.0523255813953488	0.840827387261383	0.840827387261383	3064	tags=39%, list=23%, signal=30%	SVIP/PLEC/DYRK1A/TMEM43/MDH2/TCP10L/FOXP1/RNF112/BCL10/ABCD3/VAMP2/RSAD2/DVL2/CCDC88C/HSF1/TDG/DMTN
GO:0030246	carbohydrate binding	130	0.345709219935956	1.32190812281929	0.0526315789473684	0.840827387261383	0.840827387261383	1091	tags=13%, list=8%, signal=12%	NOMO3/SORD/PKD1/PFKL/ALPK1/ADGRL2/VCAN/CHID1/UAP1/GPCPD1/CANX/CD34/PLOD1/MAN2C1/GALNT1/COLEC12/SLC2A8
GO:0016298	lipase activity	68	-0.400315562358192	-1.37502140937992	0.0531309297912714	0.840827387261383	0.840827387261383	3259	tags=38%, list=25%, signal=29%	DAGLA/DDHD1/PLB1/PLCG1/SEC23IP/LIPA/ABHD6/PNPLA7/GPLD1/LPL/DAGLB/DDHD2/ABHD4/PLA2G4C/LIPG/PLA2G4B/PNPLA2/PDIA3/LDAH/PLCL1/PNPLA6/NAPEPLD/SMPD4/ABHD16A/PLA2G15/PLA2G6
GO:0140326	ATPase-coupled intramembrane lipid transporter activity	20	0.553099370511848	1.51960054721962	0.0532786885245902	0.840827387261383	0.840827387261383	1317	tags=40%, list=10%, signal=36%	ABCB1/MFSD2A/ATP11A/ATP10A/ATP8B4/ATP8B1/ATP11B/ATP9B
GO:0016247	channel regulator activity	101	0.35932830371781	1.32750319784825	0.0541666666666667	0.840827387261383	0.840827387261383	3079	tags=29%, list=23%, signal=22%	YWHAH/ANKRD36C/HPCAL4/SCLT1/SGK1/TRPV1/KCNE3/KCNAB2/PRKG1/WNK1/NEDD4L/KCNIP4/KCNIP2/KCNMB3/ARPP19/DPP6/AKAP9/NRXN1/PRKCB/WNK3/PRKCZ/PKP2/ENSA/VTI1B/STX1A/SCN4B/SNF8/FKBP1B/GRM2
GO:0016705	oxidoreductase activity, acting on paired donors, with incorporation or reduction of molecular oxygen	91	-0.371864138758464	-1.33351269750992	0.054820415879017	0.840827387261383	0.840827387261383	2666	tags=44%, list=20%, signal=35%	TMLHE/P3H1/PLOD3/RIOX2/KDM4B/SQLE/HMOX2/CYP26B1/KDM5B/ASPH/AKR1C1/FADS2/KDM4A/TYW5/FADS3/TET3/FADS1/JMJD6/PLOD2/CYP2U1/CYP4F3/ALKBH3/ALKBH1/P4HA1/MSMO1/POR/KDM5C/P4HA2/OGFOD2/PTGIS/PCBD1/DOHH/PHF8/CYP4V2/KDM6B/KDM8/KDM2B/PHF2/ALKBH4/P3H3
GO:0023026	MHC class II protein complex binding	13	0.606058242849743	1.5064137097881	0.0549682875264271	0.840827387261383	0.840827387261383	2100	tags=31%, list=16%, signal=26%	HLA-DPA1/CD74/HLA-DPB1/HLA-DRB1
GO:1990782	protein tyrosine kinase binding	71	0.384832924308072	1.34089323075006	0.0552147239263804	0.840827387261383	0.840827387261383	1585	tags=20%, list=12%, signal=17%	HYAL2/SHC3/SHC2/PIK3R2/PITPNM2/PTPN1/DSCAM/PTPN2/NCK2/ACVR1/EPHA4/CBLB/DUSP22/PIK3R1
GO:0022851	GABA-gated chloride ion channel activity	11	0.636530768652066	1.51172954936424	0.0564516129032258	0.840827387261383	0.840827387261383	681	tags=27%, list=5%, signal=26%	GABRA5/GABRA2/GABRA4
GO:0042813	Wnt-activated receptor activity	11	0.637014020639582	1.51287724927962	0.0564516129032258	0.840827387261383	0.840827387261383	35	tags=9%, list=0%, signal=9%	PKD1
GO:0043021	ribonucleoprotein complex binding	137	0.337345919509686	1.29845074136822	0.0593220338983051	0.840827387261383	0.840827387261383	1550	tags=17%, list=12%, signal=15%	NOMO3/NAA16/MALSU1/MRRF/RPN2/SNRPD1/SNRPB/ERI1/SHFL/EFL1/RBM3/NVL/DHX29/NEMF/SRP9/MTIF3/PTCD3/LETM1/CPEB4/DERL2/BOP1/NEAT1/PPIH
GO:0005544	calcium-dependent phospholipid binding	34	-0.46774387561902	-1.39498251275559	0.0596153846153846	0.840827387261383	0.840827387261383	2039	tags=38%, list=16%, signal=32%	CPNE3/ESYT3/DOC2A/PLA2G4C/CPNE1/ANXA6/PLA2G4B/SYT3/RPH3A/CPNE4/C2CD5/ESYT1/CPNE5
GO:0016668	oxidoreductase activity, acting on a sulfur group of donors, NAD(P) as acceptor	11	0.627598476846426	1.49051579170925	0.0604838709677419	0.840827387261383	0.840827387261383	3236	tags=55%, list=25%, signal=41%	GLRX/TXNRD2/TXNRD1/GSR/TXNDC17/TXNRD3
GO:0098632	cell-cell adhesion mediator activity	29	0.4852929828	1.42963875772929	0.0609756097560976	0.840827387261383	0.840827387261383	2353	tags=41%, list=18%, signal=34%	PAK4/STXBP6/EMB/DSCAM/DSC2/GLDN/LRRC4C/PDLIM5/CXADR/VSTM2L/PALLD/PKP2
GO:0005230	extracellular ligand-gated ion channel activity	40	0.429542254315075	1.35618722146031	0.062111801242236	0.840827387261383	0.840827387261383	772	tags=15%, list=6%, signal=14%	GABRA5/GRIA4/TRPV1/GABRA2/GABRA4/GRIK4
GO:0051059	NF-kappaB binding	27	-0.509181351945065	-1.44619930668106	0.0632411067193676	0.840827387261383	0.840827387261383	2153	tags=33%, list=16%, signal=28%	CDK5RAP3/HDAC1/CPNE1/TAF4B/BCL10/EP300/HDAC3/BRMS1/NOTCH2
GO:0018024	histone-lysine N-methyltransferase activity	38	-0.454352155602975	-1.39234088110682	0.064327485380117	0.840827387261383	0.840827387261383	2367	tags=39%, list=18%, signal=32%	SMYD3/SETDB2/N6AMT1/WDR5/CXXC1/KMT2A/KMT2B/SMYD5/ASH2L/SETMAR/SETD5/KMT2D/KMT2C/SETD1A/KMT5C
GO:0005249	voltage-gated potassium channel activity	60	0.394001191899101	1.32956468400748	0.0644490644490645	0.840827387261383	0.840827387261383	1932	tags=23%, list=15%, signal=20%	KCNQ5/KCNE3/KCNT1/KCNAB2/KCNK1/KCNH7/KCNH3/KCNN3/KCNH1/KCNIP2/KCNMA1/KCNN1/KCNK6/PKD2
GO:0016628	oxidoreductase activity, acting on the CH-CH group of donors, NAD or NADP as acceptor	22	-0.527744708178315	-1.45539188565184	0.0657894736842105	0.840827387261383	0.840827387261383	2570	tags=45%, list=20%, signal=37%	AKR1C1/DECR1/TM7SF2/PECR/TECR/LBR/AKR1B1/DHCR24/FASN/DHCR7
GO:0051721	protein phosphatase 2A binding	29	0.480254100642241	1.41479456775811	0.0670731707317073	0.840827387261383	0.840827387261383	1747	tags=31%, list=13%, signal=27%	BOD1L1/PTPN1/CTTNBP2NL/DAB2IP/STRN4/HMGCR/MASTL/MAPT/ARPP19
GO:0061575	cyclin-dependent protein serine/threonine kinase activator activity	10	0.637854679373509	1.46685274698531	0.068	0.840827387261383	0.840827387261383	3187	tags=50%, list=24%, signal=38%	CCNB1/CCNT2/MNAT1/CCNT1/CCNK
GO:0022824	transmitter-gated ion channel activity	34	0.45781594304916	1.39386455344177	0.0684647302904564	0.840827387261383	0.840827387261383	772	tags=15%, list=6%, signal=14%	GABRA5/GRIA4/GABRA2/GABRA4/GRIK4
GO:0022835	transmitter-gated channel activity	34	0.45781594304916	1.39386455344177	0.0684647302904564	0.840827387261383	0.840827387261383	772	tags=15%, list=6%, signal=14%	GABRA5/GRIA4/GABRA2/GABRA4/GRIK4
GO:0050998	nitric-oxide synthase binding	11	0.617873927768202	1.46742046164858	0.0685483870967742	0.840827387261383	0.840827387261383	1372	tags=27%, list=10%, signal=24%	CD74/DMD/DNM1
GO:0005112	Notch binding	21	-0.540554693672172	-1.4649948564273	0.0688336520076482	0.840827387261383	0.840827387261383	1830	tags=24%, list=14%, signal=21%	AAK1/ADAM17/JAG2/SNED1/NOTCH2NLA
GO:0016814	hydrolase activity, acting on carbon-nitrogen (but not peptide) bonds, in cyclic amidines	18	0.544538319727093	1.45884556471451	0.0688935281837161	0.840827387261383	0.840827387261383	1480	tags=33%, list=11%, signal=30%	AMPD3/ADAL/AMPD2/MTHFD2/GCH1/ATIC
GO:0043022	ribosome binding	63	0.385769153379114	1.30408807340833	0.0697674418604651	0.840827387261383	0.840827387261383	1370	tags=14%, list=10%, signal=13%	NOMO3/NAA16/RPN2/ERI1/SHFL/EFL1/MTIF3/LETM1/CPEB4
GO:0004697	protein kinase C activity	12	0.606562331742417	1.46915506127265	0.0711297071129707	0.840827387261383	0.840827387261383	2223	tags=50%, list=17%, signal=42%	PRKD1/SMG1/PRKCB/PKN2/PRKCZ/PKN1
GO:0034236	protein kinase A catalytic subunit binding	12	0.603354731414699	1.461385930205	0.0732217573221757	0.840827387261383	0.840827387261383	2114	tags=33%, list=16%, signal=28%	PJA2/PRKAR2A/RYR2/PRKAR1A
GO:0043177	organic acid binding	76	-0.373084113691128	-1.30189959643094	0.0744274809160305	0.840827387261383	0.840827387261383	2235	tags=30%, list=17%, signal=25%	GAD1/HMGCS1/IGF2R/NR2F2/PLOD2/ACACB/SCP2/ALKBH3/P4HA1/PC/CAD/P4HA2/OGFOD2/GCLC/RARA/CEP104/AARS1/ASS1/GRIN1/UROS/MCCC1/CRABP2/P3H3
GO:0016018	cyclosporin A binding	12	0.598552281332762	1.44975391239717	0.0753138075313808	0.840827387261383	0.840827387261383	1645	tags=42%, list=13%, signal=36%	PPIE/PPIG/PPWD1/PPIH/PPID
GO:0005159	insulin-like growth factor receptor binding	11	0.608676570681485	1.44557718687101	0.0766129032258065	0.840827387261383	0.840827387261383	3686	tags=45%, list=28%, signal=33%	YWHAH/PIK3R1/IRS1/IGF1/SOCS2
GO:0008569	minus-end-directed microtubule motor activity	10	-0.633357291667576	-1.43368553345591	0.0776892430278885	0.840827387261383	0.840827387261383	472	tags=40%, list=4%, signal=39%	DNAH7/DYNC2H1/DNAH6/DNAH1
GO:0031543	peptidyl-proline dioxygenase activity	11	-0.619342233282484	-1.43422967404173	0.0790513833992095	0.840827387261383	0.840827387261383	1357	tags=64%, list=10%, signal=57%	P3H2/OGFOD1/EGLN2/P3H1/P4HA1/P4HA2/P3H3
GO:0034237	protein kinase A regulatory subunit binding	22	0.518747640670146	1.43933195134628	0.0808510638297872	0.840827387261383	0.840827387261383	2733	tags=41%, list=21%, signal=32%	SPATC1L/PJA2/ACBD3/AKAP5/AKAP9/RYR2/AKAP7/ARFGEF1/PRRC1
GO:0016411	acylglycerol O-acyltransferase activity	20	-0.521041720429547	-1.38792936894197	0.0817120622568093	0.840827387261383	0.840827387261383	1521	tags=60%, list=12%, signal=53%	AGPAT5/GPAT4/AGPAT1/LPCAT3/TAFAZZIN/LPCAT1/PNPLA2/DGAT2/LCLAT1/MBOAT7/DGAT1/PLA2G15
GO:0051861	glycolipid binding	17	-0.543232718731363	-1.39900568884109	0.08203125	0.840827387261383	0.840827387261383	1153	tags=41%, list=9%, signal=38%	TPP1/PPT1/PSAP/CLN6/CLN3/GPAA1/MPPE1
GO:0008170	N-methyltransferase activity	81	-0.360310197580069	-1.26932386585569	0.0836501901140684	0.840827387261383	0.840827387261383	2380	tags=32%, list=18%, signal=26%	METTL25B/SMYD3/PEMT/SETDB2/N6AMT1/VCPKMT/TRMT1L/TFB1M/DIMT1/WDR5/CXXC1/KMT2A/TRMT1/KMT2B/SMYD5/ASH2L/SETMAR/PRMT7/FBL/SETD5/METTL15/KMT2D/KMT2C/SETD1A/KMT5C/PRMT8
GO:0140327	flippase activity	12	0.591721688466576	1.43320952848855	0.0836820083682008	0.840827387261383	0.840827387261383	1165	tags=42%, list=9%, signal=38%	ABCB1/MFSD2A/ATP11A/ATP10A/ATP8B1
GO:0051536	iron-sulfur cluster binding	60	-0.389338731280653	-1.29905461200057	0.0844529750479846	0.840827387261383	0.840827387261383	2270	tags=37%, list=17%, signal=30%	ABAT/IREB2/ELP3/ERCC2/REV3L/NUBPL/ISCA2/ISCU/FXN/NFU1/NFS1/RSAD2/FDX2/MUTYH/POLA1/RFESD/CIAO3/TYW1/DNA2/NUBP2/RTEL1/LIAS
GO:0051540	metal cluster binding	60	-0.389338731280653	-1.29905461200057	0.0844529750479846	0.840827387261383	0.840827387261383	2270	tags=37%, list=17%, signal=30%	ABAT/IREB2/ELP3/ERCC2/REV3L/NUBPL/ISCA2/ISCU/FXN/NFU1/NFS1/RSAD2/FDX2/MUTYH/POLA1/RFESD/CIAO3/TYW1/DNA2/NUBP2/RTEL1/LIAS
GO:0004672	protein kinase activity	422	0.263780595141035	1.14571418338632	0.0844748858447489	0.840827387261383	0.840827387261383	2648	tags=29%, list=20%, signal=24%	CHEK1/PRKD1/SLK/ROCK1/ALPK1/NME2/SPEG/PDK4/SGK1/DAPK1/BCR/MAPK11/PAK4/CDK11A/FGFR3/RPS6KA6/GRK4/STK38/HIPK1/MKNK1/CHUK/EPHB6/TNK2/PRPF4B/ITPKA/SCYL2/STK17B/BRSK2/PRKG1/NRP1/ULK1/RIPK1/DYRK4/MMD2/MAP3K10/MMD/MAP3K14/NTRK3/CDK6/MAP2K6/IRAK3/NEK1/AKAP13/MAPK7/CDC7/MATK/CCND1/TGFBR3/PRKAB2/ATM/SRPK1/ATR/ABL1/IRAK1/TYK2/MASTL/WNK1/SMG1/ACVR1/GRK2/EPHA4/NEK3/GRK6/MAP3K4/PAK3/MAST2/CSNK1G2/EIF2AK4/ACVR1C/MAPK6/NEK6/LRRK2/MAPK10/PPP1R9B/LTBP4/MAP4K3/STK16/PRKCB/CDK11B/PEAK1/HIPK3/NEK9/JAK2/MAP3K3/CSNK2A1/CAMK1D/MAP3K20/RPS6KA5/PAK5/CDK17/RPS6KL1/MAP4K5/PKN2/ATP23/CDK16/CASK/CAMK2A/WNK3/PTK2/MAP2K7/PRKCZ/PKN1/CDK9/ARAF/BRD2/MAPK8/PIKFYVE/PAK6/STK19/PHKG2/RIOK1/RPS6KA3/BMPR1A/BAZ1B/STK24/PHKA1/CAMK1/CIT/RIOK2/MAST4/TOP1
GO:0051219	phosphoprotein binding	67	0.366855227604035	1.26301643650579	0.086864406779661	0.840827387261383	0.840827387261383	2175	tags=30%, list=17%, signal=25%	SHC3/PIN1/FBXW7/TRPV1/PIK3R2/PIK3R3/APTX/NCK2/RB1/PCIF1/ABL1/SHE/BTRC/SHF/CBLB/PIK3R1/PKD2/SH3BP2/SH2D3C/URI1
GO:0016706	2-oxoglutarate-dependent dioxygenase activity	49	-0.410792598309535	-1.32016047769751	0.0868725868725869	0.840827387261383	0.840827387261383	3218	tags=49%, list=25%, signal=37%	TMLHE/P3H1/PLOD3/RIOX2/KDM4B/KDM5B/ASPH/KDM4A/TYW5/TET3/JMJD6/PLOD2/ALKBH3/ALKBH1/P4HA1/KDM5C/P4HA2/PHF8/KDM6B/KDM8/KDM2B/PHF2/ALKBH4/P3H3
GO:0004812	aminoacyl-tRNA ligase activity	41	-0.423478686288176	-1.32062746808405	0.0884615384615385	0.840827387261383	0.840827387261383	1929	tags=27%, list=15%, signal=23%	FARSA/YARS1/LARS2/CARS1/VARS1/TARS2/AARS1/LARS1/HARS2/WARS1/CARS2
GO:0016875	ligase activity, forming carbon-oxygen bonds	41	-0.423478686288176	-1.32062746808405	0.0884615384615385	0.840827387261383	0.840827387261383	1929	tags=27%, list=15%, signal=23%	FARSA/YARS1/LARS2/CARS1/VARS1/TARS2/AARS1/LARS1/HARS2/WARS1/CARS2
GO:0003735	structural constituent of ribosome	154	0.310628272675038	1.21321708996656	0.091304347826087	0.840827387261383	0.840827387261383	1352	tags=7%, list=10%, signal=6%	RPL10/RPS23/RPL30/MRPL55/RPL7L1/DAP3/RPS2/RPL24/RPL3/RPL22L1/RPL13
GO:0008168	methyltransferase activity	178	-0.307657406334133	-1.20290020756335	0.091743119266055	0.840827387261383	0.840827387261383	2419	tags=30%, list=18%, signal=25%	PRDM10/METTL17/COQ3/METTL25B/SMYD3/PEMT/METTL6/METTL2A/SETDB2/N6AMT1/VCPKMT/TRMT2B/FAM98B/SPOUT1/TRMT1L/TFB1M/DPH5/DIMT1/WDR5/DNMT1/PRDM15/CXXC1/NSUN3/METTL3/PCMTD1/TRMT44/METTL4/KMT2A/NSUN5P1/DNMT3A/TRMT1/KMT2B/SMYD5/ASH2L/BUD23/SETMAR/AMT/METTL23/METTL25/PRMT7/MEPCE/FBL/SETD5/SMYD4/METTL15/KMT2D/MRM1/PRDM4/KMT2C/SETD1A/KMT5C/PRDM6/PRMT8
GO:0051959	dynein light intermediate chain binding	21	-0.510598933040338	-1.38380966691784	0.0917782026768642	0.840827387261383	0.840827387261383	472	tags=24%, list=4%, signal=23%	DNAH7/CCDC88C/DYNC2H1/DNAH6/DNAH1
GO:0032404	mismatch repair complex binding	11	0.585998337638242	1.39171748879005	0.092741935483871	0.840827387261383	0.840827387261383	1299	tags=27%, list=10%, signal=25%	PMS2/WRN/ATR
GO:0106310	protein serine kinase activity	288	0.278593015125429	1.16115808924822	0.0939597315436242	0.840827387261383	0.840827387261383	2632	tags=29%, list=20%, signal=24%	CHEK1/PRKD1/SLK/ROCK1/ALPK1/SPEG/SGK1/DAPK1/BCR/MAPK11/PAK4/CDK11A/RPS6KA6/STK38/HIPK1/MKNK1/TNK2/PRPF4B/STK17B/BRSK2/ULK1/RIPK1/DYRK4/MAP3K10/MAP3K14/CDK6/MAP2K6/NEK1/MAPK7/CDC7/ATM/SRPK1/ATR/IRAK1/MASTL/WNK1/SMG1/NEK3/MAP3K4/PAK3/MAST2/CSNK1G2/EIF2AK4/MAPK6/NEK6/LRRK2/MAPK10/MAP4K3/STK16/PRKCB/CDK11B/HIPK3/NEK9/MAP3K3/CSNK2A1/CAMK1D/MAP3K20/RPS6KA5/PAK5/CDK17/RPS6KL1/MAP4K5/PKN2/CDK16/CASK/CAMK2A/WNK3/MAP2K7/PRKCZ/PKN1/CDK9/ARAF/MAPK8/PIKFYVE/PAK6/STK19/RIOK1/RPS6KA3/STK24/CAMK1/CIT/RIOK2/MAST4
GO:0005509	calcium ion binding	424	-0.266012000986416	-1.14625713927809	0.0946428571428571	0.840827387261383	0.840827387261383	2601	tags=22%, list=20%, signal=18%	PRKCSH/ASPH/PCDHB2/TENM2/PEF1/PCDHB9/PCDHGA5/PCDH18/PCDH17/LPL/PCDHA4/RHOT2/CACNA1B/TKT/NOL3/ACTN1/CALM2/EPS15L1/S100A1/CBL/ESYT3/SLIT2/CAPS/DOC2A/CRB1/PLA2G4C/SPOCK2/RHOT1/CPNE1/ANXA6/CDH4/MEGF8/FAT3/EFCAB2/MAN1C1/RYR1/PLA2G4B/LPCAT1/SYT3/ACTN2/IQGAP1/GAS6/MAN1B1/CELSR2/DAG1/BAIAP3/PCDHB12/LTBP3/LRP8/MYL6/UNC13B/STIM1/RPH3A/VLDLR/EFHC1/CDH18/EDEM1/JAG2/SUSD1/EFCAB10/MICU1/CLSTN3/CDH19/CAPN1/ARSA/PRSS3/LRP1/TUBB4A/CAPS2/ZZEF1/PCDHA2/SULF2/C2CD5/GRIN1/PCDHA9/DNAH7/ESYT1/SLIT1/CELSR3/BGLAP/MYL5/CDHR3/RASGRP2/NINL/SNED1/FBN1/EDEM2/EML1/EFCAB12/NOTCH2/SLC25A23/PCDHA10/NOTCH2NLA/EFCAB1
GO:0008276	protein methyltransferase activity	78	-0.361069284092574	-1.26301578386974	0.0950570342205323	0.840827387261383	0.840827387261383	2210	tags=28%, list=17%, signal=24%	SETDB2/N6AMT1/VCPKMT/FAM98B/WDR5/CXXC1/PCMTD1/KMT2A/DNMT3A/KMT2B/SMYD5/ASH2L/SETMAR/PRMT7/FBL/SETD5/KMT2D/KMT2C/SETD1A/KMT5C/PRDM6/PRMT8
GO:0004879	nuclear receptor activity	38	-0.430092631021139	-1.31799870529678	0.0974658869395711	0.840827387261383	0.840827387261383	2631	tags=32%, list=20%, signal=25%	ARNT/AHR/NR2F2/NR1D1/RXRB/NR2C1/RARA/STAT3/NR4A3/RORA/NR4A2/RARG
GO:0098531	ligand-activated transcription factor activity	38	-0.430092631021139	-1.31799870529678	0.0974658869395711	0.840827387261383	0.840827387261383	2631	tags=32%, list=20%, signal=25%	ARNT/AHR/NR2F2/NR1D1/RXRB/NR2C1/RARA/STAT3/NR4A3/RORA/NR4A2/RARG
GO:0016917	GABA receptor activity	15	0.545710720495685	1.37943875811612	0.0985626283367557	0.840827387261383	0.840827387261383	681	tags=20%, list=5%, signal=19%	GABRA5/GABRA2/GABRA4
GO:0031435	mitogen-activated protein kinase kinase kinase binding	15	0.547019535114189	1.38274715860037	0.0985626283367557	0.840827387261383	0.840827387261383	3285	tags=40%, list=25%, signal=30%	STK38/DAB2IP/DUSP19/TCF3/MAPK8IP1/SASH1
GO:0017080	sodium channel regulator activity	27	0.467646745307323	1.36669824502393	0.0987903225806452	0.840827387261383	0.840827387261383	251	tags=11%, list=2%, signal=11%	YWHAH/SCLT1/SGK1
GO:0016667	oxidoreductase activity, acting on a sulfur group of donors	48	0.399976830726473	1.30730202813752	0.10082304526749	0.840827387261383	0.840827387261383	1738	tags=25%, list=13%, signal=22%	SUMF1/GLRX/QSOX1/MSRA/TXNRD2/GFER/TXNRD1/ERO1A/MSRB3/GSTO2/GLRX3/TXNL1
GO:0015631	tubulin binding	308	-0.275841544883772	-1.15947612878889	0.101785714285714	0.840827387261383	0.840827387261383	2332	tags=23%, list=18%, signal=20%	KATNB1/BBS4/CEP70/IRAG2/KIF9/ZNF207/CCDC88A/PPP5C/CRIPT/AGBL4/MAP1LC3A/ABRAXAS2/KIF22/PIFO/NAV3/RAB11FIP5/ALMS1/KIF2A/RACGAP1/GABARAPL1/CAMSAP3/KIF21A/KIF24/FNTA/KIF1A/JAKMIP3/EML5/GAS2/TTBK2/CEP44/KIF1B/DAG1/TUBGCP6/FSD1/DCTN1/RMDN1/STIM1/EML2/EFHC1/OFD1/MAP6/TBCEL/KRIT1/PPARGC1A/UNC5C/IFT81/GIT1/CRYAB/MAP4K4/CCDC66/GPAA1/DIXDC1/LRPPRC/RMDN3/MTUS2/MAP1S/CCDC61/TOGARAM2/SUN2/BCAS3/CCDC88C/CEP295/PEX14/GAS8/TUBGCP4/ARL8B/INO80/EML1/FYN/SPAG8/MX1/MAP7D3
GO:0019955	cytokine binding	59	0.379775706980345	1.27731390486166	0.102296450939457	0.840827387261383	0.840827387261383	1404	tags=20%, list=11%, signal=18%	HYAL2/TNFRSF14/ACKR1/A2M/IL11RA/CD74/HMGB1/IL10RA/NRP1/CHRD/TGFBR3/ACVR1
GO:0033549	MAP kinase phosphatase activity	12	0.567959281749519	1.37565458603755	0.102510460251046	0.840827387261383	0.840827387261383	3189	tags=58%, list=24%, signal=44%	DUSP4/DUSP6/DUSP8/DUSP9/DUSP16/DUSP5/DUSP1
GO:0072542	protein phosphatase activator activity	13	-0.578948448163687	-1.41472278766339	0.103969754253308	0.840827387261383	0.840827387261383	2725	tags=69%, list=21%, signal=55%	PPP2R5D/CALM1/PPP1R15A/PTPA/CALM2/PPP2R5A/PHACTR4/PPP2R5B/IGFBP3
GO:0004707	MAP kinase activity	13	0.546420959414712	1.35817973650094	0.107822410147992	0.840827387261383	0.840827387261383	2439	tags=38%, list=19%, signal=31%	MAPK11/MAPK7/MAPK6/MAPK10/MAPK8
GO:0008373	sialyltransferase activity	16	0.522970399110313	1.36555161216569	0.108	0.840827387261383	0.840827387261383	1455	tags=38%, list=11%, signal=33%	ST3GAL1/ST6GAL1/ST3GAL5/ST6GALNAC4/ST6GALNAC6/ST3GAL6
GO:1990841	promoter-specific chromatin binding	48	-0.397388423324416	-1.26815155852938	0.108527131782946	0.840827387261383	0.840827387261383	2964	tags=44%, list=23%, signal=34%	GTF2B/SIRT1/MED1/HDAC4/HDAC1/ERCC3/EGR1/STAT1/USP3/NUP98/DNMT1/PRDM15/ERCC4/DHX9/POLR2A/HNRNPU/PPARGC1A/DDX5/HSF1/IRF3/MACROH2A1
GO:0050780	dopamine receptor binding	14	0.546934726927491	1.36940355549732	0.108559498956159	0.840827387261383	0.840827387261383	3463	tags=57%, list=26%, signal=42%	PALM/ARRB2/DNM1/PPP1R9B/SNX5/PTPN11/VPS35/DNM2
GO:0004698	calcium-dependent protein kinase C activity	11	0.576611970458672	1.36942532425481	0.108870967741935	0.840827387261383	0.840827387261383	2223	tags=45%, list=17%, signal=38%	PRKD1/PRKCB/PKN2/PRKCZ/PKN1
GO:0030507	spectrin binding	19	-0.510905208073343	-1.34679722430792	0.11003861003861	0.840827387261383	0.840827387261383	2052	tags=32%, list=16%, signal=27%	PTPRN/USH1C/CAMSAP3/EPB41/SPTBN4/DMTN
GO:0016757	glycosyltransferase activity	196	0.296159719857657	1.18315311729776	0.110864745011087	0.840827387261383	0.840827387261383	1831	tags=22%, list=14%, signal=19%	DPY19L2/NAPRT/POMT2/B4GALT1/C1GALT1/B4GALT2/XYLT1/RPN2/UGGT2/RXYLT1/UMPS/ALG1/UPP2/ST3GAL1/B3GALNT1/ST6GAL1/UGCG/ST3GAL5/ALG10B/MGAT4B/GALNT1/APRT/PARP8/ST6GALNAC4/ST6GALNAC6/UGGT1/DPY19L3/CSGALNACT1/B3GNTL1/PIGH/ART3/POMT1/B3GNT5/GALNT2/GTDC1/MGAT4C/ST3GAL6/MGAT5B/GALNT14/NAMPT/B4GALNT4/GALNT11/ALG6
GO:0004181	metallocarboxypeptidase activity	12	0.557542185393028	1.35042332943785	0.110878661087866	0.840827387261383	0.840827387261383	2042	tags=42%, list=16%, signal=35%	NAALAD2/AGBL5/VASH1/AGTPBP1/PEPD
GO:0035173	histone kinase activity	10	0.599669305100241	1.37903913840221	0.112	0.840827387261383	0.840827387261383	2564	tags=50%, list=20%, signal=40%	CHEK1/PRKCB/JAK2/PKN1/BAZ1B
GO:0003724	RNA helicase activity	64	-0.371685822741961	-1.2612721393417	0.11214953271028	0.840827387261383	0.840827387261383	1962	tags=31%, list=15%, signal=27%	DDX54/DDX50/DDX19A/DHX33/DHX34/DDX56/DHX9/DDX51/DHX30/DHX8/DDX23/DDX25/DHX35/DDX31/DDX5/IGHMBP2/DHX37/DDX27/DHX38/SKIV2L
GO:0008186	ATP-dependent activity, acting on RNA	64	-0.371685822741961	-1.2612721393417	0.11214953271028	0.840827387261383	0.840827387261383	1962	tags=31%, list=15%, signal=27%	DDX54/DDX50/DDX19A/DHX33/DHX34/DDX56/DHX9/DDX51/DHX30/DHX8/DDX23/DDX25/DHX35/DDX31/DDX5/IGHMBP2/DHX37/DDX27/DHX38/SKIV2L
GO:0017111	nucleoside-triphosphatase activity	473	0.253998595632077	1.11939750070532	0.115044247787611	0.840827387261383	0.840827387261383	1798	tags=17%, list=14%, signal=15%	TUBG2/PMS2/SEPTIN11/RABL2A/DDX46/RAB24/WRN/RASL10A/SMCHD1/CHD2/PMS1/KIF16B/RABL2B/RAB27B/RECQL/FANCM/CHD1/RGS6/ATP13A3/DHX40/GBP4/KIF13A/TDRD9/RASL12/ATP11A/NAV2/ATAD2/TUBE1/KIF3A/ENTPD4/SPATA5L1/ENTPD7/RAB27A/ATP10A/EFL1/DHX57/GCH1/CPLANE2/MCM7/NVL/DHX16/DDX20/GNAI2/DHX29/RASL10B/CHD9/FIGNL1/CHD7/ATP8B4/SPATA5/KIFC2/GNA14/KIF27/ATP8B1/DDX19B/RIT2/ATAD2B/ATP11B/KIF17/LSG1/ATP9B/MORC2/AQR/RGS2/ATP1A1/DNM1/RAB39A/RAP1A/RGS14/RAB3B/ACIN1/GNB3/CHD1L/PEX1/EIF5B/KRAS/RAB40C/RGS12/ARL16/LRRK2/DDX55
GO:0004622	lysophospholipase activity	16	-0.527835155866472	-1.33840866687588	0.117529880478088	0.840827387261383	0.840827387261383	3069	tags=50%, list=23%, signal=38%	PLB1/PNPLA7/ABHD4/PLA2G4C/PLA2G4B/PNPLA6/PLA2G15/PLA2G6
GO:0008757	S-adenosylmethionine-dependent methyltransferase activity	135	-0.314664523722816	-1.19388546060158	0.117647058823529	0.840827387261383	0.840827387261383	2408	tags=30%, list=18%, signal=24%	COQ3/METTL25B/SMYD3/PEMT/METTL6/METTL2A/SETDB2/N6AMT1/VCPKMT/TRMT2B/TRMT1L/TFB1M/DPH5/DIMT1/WDR5/DNMT1/CXXC1/NSUN3/METTL3/PCMTD1/METTL4/KMT2A/DNMT3A/TRMT1/KMT2B/SMYD5/ASH2L/BUD23/SETMAR/PRMT7/MEPCE/FBL/SETD5/METTL15/KMT2D/MRM1/KMT2C/SETD1A/KMT5C/PRMT8
GO:0001227	DNA-binding transcription repressor activity, RNA polymerase II-specific	220	-0.289638833429211	-1.16227495973129	0.11873840445269	0.840827387261383	0.840827387261383	2593	tags=24%, list=20%, signal=20%	ZNF3/CC2D1B/YY1/MXD1/ZNF131/SP2/ASCL1/ZNF746/ZNF391/ZNF10/MNT/FOXP1/ZNF177/ZNF175/ZNF85/ZNF404/IKZF5/NR1D1/FOXP4/ZNF282/ZNF785/BCL6/NR2C1/HIVEP1/ZNF487/FOXK1/ZNF557/ZNF692/E4F1/E2F6/MYT1L/AEBP1/ZNF559-ZNF177/POU6F1/TCFL5/ZGPAT/ZNF439/ZNF566/ZNF875/ZNF75A/CC2D1A/ZNF559/ZNF19/HSF1/ZIM2/IRF3/NFKB1/ZNF536/ZNF266/PLAGL1/ENO1/ZBTB17/GTF2IRD1
GO:0005248	voltage-gated sodium channel activity	17	-0.511439301604795	-1.31712702083368	0.119140625	0.840827387261383	0.840827387261383	2206	tags=47%, list=17%, signal=39%	SCN2B/SCN8A/SCN9A/SCN1A/HCN4/TPCN1/CACNA1I/SCN3A
GO:0016741	transferase activity, transferring one-carbon groups	187	-0.298902710724861	-1.17571154579737	0.120817843866171	0.840827387261383	0.840827387261383	2419	tags=29%, list=18%, signal=24%	PRDM10/METTL17/COQ3/METTL25B/SMYD3/PEMT/METTL6/METTL2A/SETDB2/N6AMT1/VCPKMT/TRMT2B/FAM98B/SPOUT1/TRMT1L/GART/TFB1M/DPH5/DIMT1/WDR5/DNMT1/PRDM15/CXXC1/NSUN3/METTL3/PCMTD1/TRMT44/METTL4/KMT2A/NSUN5P1/CAD/DNMT3A/TRMT1/KMT2B/SMYD5/ASH2L/BUD23/SETMAR/AMT/METTL23/METTL25/PRMT7/MEPCE/FBL/SETD5/SMYD4/METTL15/KMT2D/MRM1/PRDM4/KMT2C/SETD1A/KMT5C/PRDM6/PRMT8
GO:0042393	histone binding	206	-0.29050219058113	-1.1558340934563	0.121771217712177	0.840827387261383	0.840827387261383	2843	tags=32%, list=22%, signal=25%	SIRT1/SUPT6H/FAM156A/KAT7/VRK1/SRCAP/DPF2/EZH1/CHAF1B/KDM5B/HAT1/NASP/NAP1L1/DAXX/PHIP/KDM4A/RESF1/DTX3L/BRD7/CTSL/BAZ2A/MBTD1/KAT5/VPS72/SGF29/KMT2E/STAT1/SFMBT1/USP3/BRPF1/YEATS4/TRIM24/WDR5/GRWD1/ING3/CXXC1/L3MBTL1/TBL1X/UHRF2/BRD4/ING5/SPHK2/SSRP1/KMT2A/TDRD3/SCMH1/SMARCA4/NAP1L4/LRWD1/PHF8/L3MBTL2/PRMT7/TP53BP1/BCAS3/KDM8/L3MBTL3/BRD1/KMT2D/HIRA/NCAPD3/PHF2/NPM3/KMT2C/KMT5C/INO80/PIH1D1
GO:0004620	phospholipase activity	57	-0.376194418290448	-1.25002072104424	0.122137404580153	0.840827387261383	0.840827387261383	3150	tags=35%, list=24%, signal=27%	DDHD1/PLB1/PLCG1/SEC23IP/PNPLA7/GPLD1/LPL/DDHD2/ABHD4/PLA2G4C/LIPG/PLA2G4B/PDIA3/PLCL1/PNPLA6/NAPEPLD/SMPD4/ABHD16A/PLA2G15/PLA2G6
GO:0003755	peptidyl-prolyl cis-trans isomerase activity	28	0.453339448380523	1.32917715447892	0.122983870967742	0.840827387261383	0.840827387261383	1645	tags=29%, list=13%, signal=25%	PPIE/PIN1/PPIG/PPIL3/PPIL4/PPWD1/PPIH/PPID
GO:0016831	carboxy-lyase activity	26	0.459550313863506	1.32837574701821	0.124489795918367	0.840827387261383	0.840827387261383	3392	tags=50%, list=26%, signal=37%	UXS1/MVD/UMPS/CSAD/PDXDC2P-NPIPB14P/AZIN1/ODC1/ECHDC1/ME3/ME2/DDT/PDXDC1/ME1
GO:0031267	small GTPase binding	230	0.279800305947686	1.14758459127281	0.125269978401728	0.840827387261383	0.840827387261383	2082	tags=21%, list=16%, signal=18%	RGPD8/USP6NL/SYTL5/ROCK1/DVL1/FMNL3/DIAPH2/NOXA1/DOCK11/CYFIP1/MICALL1/MICAL3/PPP6R1/EHD1/KNTC1/RAPGEF4/KIF3A/ITPKA/MYRIP/SGSM2/MYO9B/ULK1/SYTL2/YIPF2/AKAP13/ANKRD27/AFDN/LZTR1/RAP1A/TRIP11/OPTN/PAK3/CCDC186/ERC1/GARRE1/RIMS1/RAB11FIP3/CDC42EP4/LRRK2/DNM1L/RANBP2/MYO5A/EXOC2/XPOT/RIC1/FGD1/SIKE1/DOCK7/PKN2
GO:0001217	DNA-binding transcription repressor activity	223	-0.288277873258426	-1.15686209763583	0.126177024482109	0.840827387261383	0.840827387261383	2593	tags=24%, list=20%, signal=19%	ZNF3/CC2D1B/YY1/MXD1/ZNF131/SP2/ASCL1/ZNF746/ZNF391/ZNF10/MNT/FOXP1/ZNF177/ZNF175/ZNF85/ZNF404/IKZF5/NR1D1/FOXP4/ZNF282/ZNF785/BCL6/NR2C1/HIVEP1/ZNF487/FOXK1/ZNF557/ZNF692/E4F1/E2F6/MYT1L/AEBP1/ZNF559-ZNF177/POU6F1/TCFL5/ZGPAT/ZNF439/ZNF566/ZNF875/ZNF75A/CC2D1A/ZNF559/ZNF19/HSF1/ZIM2/IRF3/NFKB1/ZNF536/ZNF266/PLAGL1/ENO1/ZBTB17/GTF2IRD1
GO:0005049	nuclear export signal receptor activity	10	-0.596103813781263	-1.34935750404947	0.129482071713147	0.840827387261383	0.840827387261383	2447	tags=40%, list=19%, signal=33%	XPO4/EIF4ENIF1/XPO6/NUP214
GO:0017017	MAP kinase tyrosine/serine/threonine phosphatase activity	10	0.5896507181866	1.35599973427081	0.13	0.840827387261383	0.840827387261383	3189	tags=70%, list=24%, signal=53%	DUSP4/DUSP6/DUSP8/DUSP9/DUSP16/DUSP5/DUSP1
GO:0070888	E-box binding	27	0.440534759890093	1.28746343100957	0.131048387096774	0.840827387261383	0.840827387261383	1947	tags=33%, list=15%, signal=28%	ARNTL/TCF12/PER1/MYBBP1A/ARNTL2/PPARG/TAL1/CLOCK/TCF3
GO:0008134	transcription factor binding	468	-0.256235282297777	-1.10574988631943	0.131332082551595	0.840827387261383	0.840827387261383	2603	tags=24%, list=20%, signal=20%	CDK5RAP3/FLNA/TLE1/HDAC4/DAXX/TRIM68/SIRT2/CHD6/RNF4/ASCL1/ZNF653/TCP10L/AHR/TRAPPC2/DTX3L/PRKDC/BBS4/UBXN7/FOXP1/PHF12/BAZ2A/HSPB1/CNOT7/DCAF1/TAF6/HDAC1/KAT5/PTPRN/MTOR/CTBP1/BRD8/GABARAPL1/FOSB/DDX54/STAT1/CREBBP/CPNE1/NR1D1/TAF4/BBS2/TRIM24/TAF4B/DHX33/PIM1/SIN3A/CHD4/HMGB2/ERCC4/BCL10/DHX9/EP300/TBL1X/MED24/UHRF2/CTBP2/RUNX1T1/HDAC9/E2F5/NAAA/DGKQ/MTA1/HNRNPU/MED16/FHL2/DNMT3A/CAND2/PPARGC1A/SMARCA4/ARNT2/MMS19/SPEN/RPTOR/KDM3A/NBN/FUS/RARA/METTL23/APBB2/DDX5/STAT3/NR4A3/SRC/IGHMBP2/RORA/NR4A2/TLE4/MEF2D/ZNF644/ATG7/TACC2/FBL/TP53BP1/PELP1/BCAS3/DMAP1/HDAC3/BAIAP2/HSF1/HIRA/APBB3/TDG/NFAT5/CNOT2/SETD1A/MED12/BRMS1/UBE2I/RARG/WWP2/ZNF618/ZBTB17/STK36/NOTCH2/GTF2I
GO:0098631	cell adhesion mediator activity	32	0.431717846711051	1.29681695640394	0.131958762886598	0.840827387261383	0.840827387261383	2353	tags=38%, list=18%, signal=31%	PAK4/STXBP6/EMB/DSCAM/DSC2/GLDN/LRRC4C/PDLIM5/CXADR/VSTM2L/PALLD/PKP2
GO:0015276	ligand-gated ion channel activity	81	0.337775136502571	1.19760600866749	0.132352941176471	0.840827387261383	0.840827387261383	2522	tags=28%, list=19%, signal=23%	GABRA5/ASIC1/GRIA4/AQP1/TRPV1/GABRA2/GABRA4/GRIK4/KCNK1/MCOLN1/KCNN3/KCNN1/RYR2/KCNK6/PKD2/ITPR2/P2RX4/TPCN2/GRIK2/P2RX6/GRIN2A/RYR3/ASIC2
GO:0022834	ligand-gated channel activity	81	0.337775136502571	1.19760600866749	0.132352941176471	0.840827387261383	0.840827387261383	2522	tags=28%, list=19%, signal=23%	GABRA5/ASIC1/GRIA4/AQP1/TRPV1/GABRA2/GABRA4/GRIK4/KCNK1/MCOLN1/KCNN3/KCNN1/RYR2/KCNK6/PKD2/ITPR2/P2RX4/TPCN2/GRIK2/P2RX6/GRIN2A/RYR3/ASIC2
GO:0030551	cyclic nucleotide binding	23	0.466344367918919	1.30940324524477	0.132631578947368	0.840827387261383	0.840827387261383	3061	tags=48%, list=23%, signal=37%	PDE2A/RAPGEF4/PRKAR2A/PDE4D/PRKG1/RAPGEF2/PRKAR1A/PDE10A/CNGA3/CNP/FKBP1B
GO:0050431	transforming growth factor beta binding	13	0.532500134310627	1.32357824062862	0.133192389006343	0.840827387261383	0.840827387261383	1819	tags=31%, list=14%, signal=27%	HYAL2/TGFBR3/ACVR1/LTBP4
GO:0070567	cytidylyltransferase activity	10	0.585242108959099	1.34586140533028	0.134	0.840827387261383	0.840827387261383	121	tags=20%, list=1%, signal=20%	TRNT1/TAMM41
GO:0004721	phosphoprotein phosphatase activity	135	0.301985336107033	1.16401728738037	0.138947368421053	0.840827387261383	0.840827387261383	3044	tags=33%, list=23%, signal=25%	PPM1M/PTPN18/PDP1/SSH2/STYXL1/PTPN20/PTPRB/PALD1/PTPN1/PPP4C/PTPN2/PTPRO/PPM1A/PPA2/DUSP4/SBF1/DUSP19/PTPRG/MTMR7/PTPN12/DUSP6/DUSP22/RNGTT/PTPRZ1/PPP4R1/LRRK2/SSH1/DUSP12/PTPRN2/TIMM50/PTPRD/DUSP8/DUSP9/PPM1F/PTPRT/DUSP16/PPM1B/DUSP5/PTPN11/PTPN21/MTMR1/PTPN4/RPAP2/PPP3CC
GO:0008378	galactosyltransferase activity	23	0.461116954928917	1.29472569791233	0.138947368421053	0.840827387261383	0.840827387261383	1390	tags=22%, list=11%, signal=19%	B4GALT1/C1GALT1/B4GALT2/B3GALNT1/B3GNT5
GO:0030215	semaphorin receptor binding	19	-0.493000282176366	-1.29959804896495	0.138996138996139	0.840827387261383	0.840827387261383	1123	tags=32%, list=9%, signal=29%	SEMA7A/SEMA5B/SEMA6D/SEMA3C/SEMA4B/SEMA6C
GO:0004722	protein serine/threonine phosphatase activity	76	0.341267461189493	1.196047356781	0.140167364016736	0.840827387261383	0.840827387261383	3538	tags=37%, list=27%, signal=27%	PPM1M/PDP1/SSH2/PPP4C/PPM1A/PPA2/DUSP4/DUSP19/DUSP6/DUSP22/LRRK2/SSH1/DUSP12/TIMM50/DUSP8/DUSP9/PPM1F/DUSP16/PPM1B/DUSP5/RPAP2/PPP3CC/DUSP1/MTMR3/LRRC2/PPP3CA/PDP2/PPM1E
GO:0008146	sulfotransferase activity	29	0.431722760333905	1.27182467631433	0.140243902439024	0.840827387261383	0.840827387261383	2290	tags=21%, list=17%, signal=17%	CHST6/SULT1A1/WSCD1/UST/GAL3ST4/CHST1
GO:0008201	heparin binding	75	-0.349262415152875	-1.21597811936928	0.140384615384615	0.840827387261383	0.840827387261383	2530	tags=31%, list=19%, signal=25%	PTCH1/LPL/PRELP/FN1/ZNF207/GREM2/SLIT2/TNXB/LIPG/FGFR1/APP/VEGFA/MDK/COL25A1/IMPG2/COLQ/SLIT1/APLP1/NRP2/PTPRF/TENM1/FBN1/COL11A1
GO:0016859	cis-trans isomerase activity	30	0.430700588449024	1.26797385914001	0.140461215932914	0.840827387261383	0.840827387261383	1645	tags=27%, list=13%, signal=23%	PPIE/PIN1/PPIG/PPIL3/PPIL4/PPWD1/PPIH/PPID
GO:0030276	clathrin binding	66	-0.353078213047899	-1.20337920484379	0.141491395793499	0.840827387261383	0.840827387261383	1575	tags=23%, list=12%, signal=20%	AP2B1/NSG1/TOM1L1/SYT3/AP2A1/GPR107/CLINT1/LRP1/GAK/AP4B1/TOM1/AP1G2/AP1S3/STON1/CEMIP
GO:0031418	L-ascorbic acid binding	18	-0.504568521721807	-1.31969160209499	0.141491395793499	0.840827387261383	0.840827387261383	2089	tags=67%, list=16%, signal=56%	OGFOD3/P3H2/OGFOD1/EGLN2/P3H1/PLOD3/PLOD2/ALKBH3/P4HA1/P4HA2/OGFOD2/P3H3
GO:0015301	anion:anion antiporter activity	13	-0.551082672842402	-1.34662976924704	0.141776937618147	0.840827387261383	0.840827387261383	1107	tags=38%, list=8%, signal=35%	SLC4A3/SLC19A1/SLC26A11/SLC26A6/SLC25A11
GO:0052689	carboxylic ester hydrolase activity	89	-0.33358070486853	-1.1909247803554	0.142045454545455	0.840827387261383	0.840827387261383	3487	tags=37%, list=27%, signal=27%	ACOT7/BAAT/APMAP/PON2/IARS1/DAGLA/PLB1/PGAP1/ACOT2/LIPA/ABHD6/ACOT1/PNPLA7/LPL/DAGLB/DDHD2/ACOT8/ABHD4/PLA2G4C/LARS2/LIPG/PLA2G4B/PNPLA2/MRPL58/VARS1/TARS2/PNPLA6/ABHD16A/AARS1/LARS1/PLA2G15/PLA2G6/SIAE
GO:0016273	arginine N-methyltransferase activity	11	-0.564778254431419	-1.30787420626227	0.142292490118577	0.840827387261383	0.840827387261383	709	tags=64%, list=5%, signal=60%	CARM1/FBXO11/PRMT1/PRMT2/PRMT5/PRMT7/PRMT8
GO:0016274	protein-arginine N-methyltransferase activity	11	-0.564778254431419	-1.30787420626227	0.142292490118577	0.840827387261383	0.840827387261383	709	tags=64%, list=5%, signal=60%	CARM1/FBXO11/PRMT1/PRMT2/PRMT5/PRMT7/PRMT8
GO:0015297	antiporter activity	58	-0.366346626593628	-1.22176789351414	0.142857142857143	0.840827387261383	0.840827387261383	2481	tags=47%, list=19%, signal=38%	SLC4A3/SLC37A4/SLC19A1/SLC41A1/SLC9A2/SLC24A2/SLC35E1/SLC3A2/TMEM241/SLC25A10/CLCN4/SLC24A3/SLC25A16/ATP1A3/SLC9A8/SLC35C1/SLC35E3/SLC26A11/SLC9A7/SLC25A30/SLC26A6/SLC25A14/SLC25A11/CLCN6/CLCN7/SLC9A1/SLC35C2
GO:0004652	polynucleotide adenylyltransferase activity	11	0.551517001777564	1.30982599683198	0.143145161290323	0.840827387261383	0.840827387261383	2352	tags=45%, list=18%, signal=37%	TRNT1/PAPOLA/PAPOLB/TENT2/MTPAP
GO:0023023	MHC protein complex binding	16	0.497679651966857	1.29951380086055	0.144	0.840827387261383	0.840827387261383	2100	tags=25%, list=16%, signal=21%	HLA-DPA1/CD74/HLA-DPB1/HLA-DRB1
GO:0016881	acid-amino acid ligase activity	17	0.493764021549375	1.30146849359801	0.144897959183673	0.840827387261383	0.840827387261383	2419	tags=41%, list=18%, signal=34%	TTLL5/TPGS1/FPGS/TTLL11/PPCS/TTL/TTLL1
GO:0030552	cAMP binding	17	0.495380960908917	1.30573043967075	0.144897959183673	0.840827387261383	0.840827387261383	2140	tags=41%, list=16%, signal=35%	PDE2A/RAPGEF4/PRKAR2A/PDE4D/RAPGEF2/PRKAR1A/PDE10A
GO:0010857	calcium-dependent protein kinase activity	19	0.481390113217727	1.30933009782968	0.146694214876033	0.840827387261383	0.840827387261383	2223	tags=37%, list=17%, signal=31%	PRKD1/MKNK1/PRKCB/PKN2/CAMK2A/PRKCZ/PKN1
GO:0016887	ATP hydrolysis activity	212	0.280510605160201	1.13913138273847	0.147186147186147	0.840827387261383	0.840827387261383	1367	tags=20%, list=10%, signal=18%	PMS2/DDX46/WRN/SMCHD1/CHD2/PMS1/KIF16B/RECQL/FANCM/CHD1/ATP13A3/DHX40/KIF13A/TDRD9/ATP11A/NAV2/ATAD2/KIF3A/SPATA5L1/ATP10A/DHX57/MCM7/NVL/DHX16/DDX20/DHX29/CHD9/FIGNL1/CHD7/ATP8B4/SPATA5/KIFC2/KIF27/ATP8B1/DDX19B/ATAD2B/ATP11B/KIF17/ATP9B/MORC2/AQR/ATP1A1
GO:0045499	chemorepellent activity	21	-0.46610344341002	-1.26321934700072	0.147227533460803	0.840827387261383	0.840827387261383	1123	tags=57%, list=9%, signal=52%	SEMA6A/SEMA4G/SEMA4F/SEMA4D/SEMA4A/FLRT2/SEMA7A/SEMA5B/SEMA6D/SEMA3C/SEMA4B/SEMA6C
GO:0016638	oxidoreductase activity, acting on the CH-NH2 group of donors	10	-0.584179373871594	-1.3223650035794	0.147410358565737	0.840827387261383	0.840827387261383	2172	tags=50%, list=17%, signal=42%	AOC2/ASPDH/MAOA/IL4I1/MAOB
GO:0016879	ligase activity, forming carbon-nitrogen bonds	41	0.387290155567142	1.22988408137876	0.149377593360996	0.840827387261383	0.840827387261383	2419	tags=37%, list=18%, signal=30%	NAPRT/PFAS/TTLL5/MTHFD1L/TPGS1/DPH6/RIMKLB/FPGS/ASNSD1/ASNS/TTLL11/PPCS/TTL/RIMKLA/TTLL1
GO:0004115	3',5'-cyclic-AMP phosphodiesterase activity	14	0.521956979507101	1.30686480189148	0.150313152400835	0.840827387261383	0.840827387261383	1271	tags=36%, list=10%, signal=32%	PDE2A/PDE3B/PDE4D/PDE8B/PDE7A
GO:0033612	receptor serine/threonine kinase binding	14	-0.52538052068705	-1.30429121074155	0.151051625239006	0.840827387261383	0.840827387261383	1371	tags=36%, list=10%, signal=32%	MDM2/BMP6/INHBA/SRC/OPRK1
GO:0030332	cyclin binding	26	-0.448134468636659	-1.26440215892986	0.15234375	0.840827387261383	0.840827387261383	616	tags=38%, list=5%, signal=37%	USP2/CDK5RAP3/PTCH1/FBXO31/GAK/KLHDC9/HDAC3/POLN/CDK12/CRABP2
GO:0140375	immune receptor activity	43	0.382369912207162	1.23220681765346	0.152892561983471	0.840827387261383	0.840827387261383	2787	tags=28%, list=21%, signal=22%	HLA-DPA1/IL11RA/CD74/IL10RA/IL1RAP/CTSH/ACKR2/HLA-DRB1/IL6ST/CX3CR1/IFNGR1/IL10RB
GO:0035615	clathrin adaptor activity	18	-0.497863768053852	-1.30215541676277	0.152963671128107	0.840827387261383	0.840827387261383	2480	tags=39%, list=19%, signal=32%	AP2A2/AP1M1/AP2B1/AP2A1/AP1G2/AP1S3/STON1
GO:0002161	aminoacyl-tRNA editing activity	13	-0.543293562753295	-1.32759624117795	0.153119092627599	0.840827387261383	0.840827387261383	1870	tags=38%, list=14%, signal=33%	LARS2/VARS1/TARS2/AARS1/LARS1
GO:0022836	gated channel activity	201	0.280943000700124	1.12584490740496	0.157549234135667	0.860182600166	0.860182600166	2775	tags=27%, list=21%, signal=22%	GPR89A/GABRA5/ASIC1/GRIA4/AQP1/CYBB/ANO6/TRPV1/KCNK4/GABRA2/CACNA1D/KCNQ5/KCNE3/GABRA4/KCNT1/GRIK4/KCNAB2/KCNK1/KCNH7/MCOLN1/TSPOAP1/KCNH3/KCNIP4/KCNN3/KCNH1/KCNIP2/KCNMB3/TMEM63A/KCNMA1/KCNN1/RYR2/CACHD1/KCNK10/KCNK6/PKD2/TTYH1/CACNB1/ITPR2/ANO8/P2RX4/TPCN2/GRIK2/P2RX6/GRIN2A/RYR3/SCN2A/KCNQ2/ASIC2/CACNB2/TMEM109/CNGA3/ANO5/ANO3/CNR1
GO:0009931	calcium-dependent protein serine/threonine kinase activity	18	0.486990328287383	1.30467159930446	0.160751565762004	0.8697509765625	0.8697509765625	2223	tags=39%, list=17%, signal=32%	PRKD1/MKNK1/PRKCB/PKN2/CAMK2A/PRKCZ/PKN1
GO:0140097	catalytic activity, acting on DNA	185	-0.292397736923803	-1.14243911815662	0.161290322580645	0.8697509765625	0.8697509765625	1863	tags=25%, list=14%, signal=22%	REV3L/POLG/TERF2/LIG3/TENT4B/EP400/DNMT1/MRE11/DCLRE1A/CHD4/ERCC4/DHX9/ALKBH1/SMUG1/METTL4/POLD3/FBH1/MUS81/DNMT3A/SMARCA4/TATDN1/DKC1/SETMAR/FAN1/TOP3A/MUTYH/IGHMBP2/POLA1/RECQL5/TOP1MT/MCM4/TDP1/CDK7/POLN/TOP3B/RFC4/DNA2/RTEL1/TDG/EXD2/RFC3/POLH/POLL/HELQ/INO80/ALKBH4/ENDOV
GO:0015079	potassium ion transmembrane transporter activity	102	0.31581633359808	1.16590267208715	0.162105263157895	0.8697509765625	0.8697509765625	1932	tags=23%, list=15%, signal=19%	AQP1/KCNK4/KCNQ5/KCNE3/KCNT1/GRIK4/TMEM175/KCNAB2/KCNK1/SLC9A9/KCNH7/KCNH3/ATP1A1/KCNIP4/KCNN3/KCNH1/KCNIP2/KCNMB3/KCNMA1/KCNN1/KCNK10/KCNK6/PKD2
GO:0044548	S100 protein binding	10	-0.571263860012683	-1.29312908000155	0.163346613545817	0.8697509765625	0.8697509765625	3723	tags=70%, list=28%, signal=50%	S100A6/AHNAK/FGF1/S100B/ATP2A2/S100A1/IQGAP1
GO:0005216	ion channel activity	252	0.270734603381022	1.11514997491471	0.165562913907285	0.8697509765625	0.8697509765625	2522	tags=23%, list=19%, signal=19%	GPR89A/PKD1/GABRA5/ASIC1/GRIA4/AQP1/ANO6/TRPV1/KCNK4/GABRA2/CACNA1D/KCNQ5/KCNE3/GABRA4/KCNT1/PSEN1/GRIK4/TMEM175/KCNAB2/KCNK1/KCNH7/MCOLN1/TSPOAP1/LRRC8C/KCNH3/KCNIP4/KCNN3/ORAI2/KCNH1/KCNIP2/KCNMB3/TMEM63A/KCNMA1/KCNN1/TRPV3/RYR2/CACHD1/KCNK10/KCNK6/PKD2/NOX5/TTYH1/CACNB1/ITPR2/ANO8/P2RX4/MCU/TPCN2/GRIK2/TRPC1/SLC24A4/P2RX6/GRIN2A/RYR3/TMEM120A/GPM6A/SCN2A/KCNQ2/ASIC2
GO:0043014	alpha-tubulin binding	31	-0.417504923962783	-1.23618011372713	0.166986564299424	0.8697509765625	0.8697509765625	2623	tags=35%, list=20%, signal=28%	DIP2B/BBS4/RACGAP1/FNTA/EFHC1/OFD1/TBCEL/PPARGC1A/ARL8B/INO80/FYN
GO:0000295	adenine nucleotide transmembrane transporter activity	15	-0.507419572341138	-1.28291035738979	0.166990291262136	0.8697509765625	0.8697509765625	361	tags=20%, list=3%, signal=19%	SLC25A42/SLC25A17/SLC25A23
GO:0005346	purine ribonucleotide transmembrane transporter activity	15	-0.507419572341138	-1.28291035738979	0.166990291262136	0.8697509765625	0.8697509765625	361	tags=20%, list=3%, signal=19%	SLC25A42/SLC25A17/SLC25A23
GO:0016863	intramolecular oxidoreductase activity, transposing C=C bonds	10	-0.568762990612428	-1.28746804107869	0.169322709163347	0.8697509765625	0.8697509765625	2998	tags=50%, list=23%, signal=39%	ECH1/IDI1/EBPL/EBP/DCT
GO:0015172	acidic amino acid transmembrane transporter activity	11	0.532902707702489	1.26561795571334	0.169354838709677	0.8697509765625	0.8697509765625	591	tags=18%, list=5%, signal=17%	SLC25A18/SLC38A7
GO:1902936	phosphatidylinositol bisphosphate binding	76	0.33102058259414	1.16013490261232	0.171548117154812	0.8697509765625	0.8697509765625	2351	tags=28%, list=18%, signal=23%	GSDME/KIF16B/STXBP6/CHMP3/FCHO2/AVIL/WDR45/SYT7/SYTL2/SYT1/WDR45B/KCNH1/MAPT/SDCBP2/ASAP1/SESTD1/SH3PXD2B/HIP1R/PIRT/TPCN2/SNX5
GO:0019239	deaminase activity	16	0.484558662382273	1.26525299277099	0.172	0.8697509765625	0.8697509765625	514	tags=19%, list=4%, signal=18%	AMPD3/ADAL/AMPD2
GO:0000400	four-way junction DNA binding	15	0.501379505317818	1.26737902735769	0.174537987679671	0.8697509765625	0.8697509765625	1981	tags=33%, list=15%, signal=28%	WRN/FANCM/HMGB1/ABL1/RAD51D
GO:0030594	neurotransmitter receptor activity	51	0.364679611791135	1.19935025165484	0.174636174636175	0.8697509765625	0.8697509765625	772	tags=10%, list=6%, signal=9%	GABRA5/GRIA4/GABRA2/GABRA4/GRIK4
GO:0015267	channel activity	266	0.267599233353981	1.10795837615123	0.175438596491228	0.8697509765625	0.8697509765625	2970	tags=27%, list=23%, signal=22%	GPR89A/PKD1/GABRA5/ASIC1/GRIA4/AQP1/CYBB/ANO6/TRPV1/KCNK4/GABRA2/CACNA1D/KCNQ5/KCNE3/GABRA4/KCNT1/PSEN1/GRIK4/TMEM175/KCNAB2/KCNK1/KCNH7/MCOLN1/TSPOAP1/LRRC8C/KCNH3/KCNIP4/KCNN3/ORAI2/KCNH1/KCNIP2/KCNMB3/TMEM63A/KCNMA1/KCNN1/TRPV3/RYR2/CACHD1/KCNK10/KCNK6/PKD2/NOX5/TTYH1/CACNB1/ITPR2/ANO8/P2RX4/MCU/TPCN2/GRIK2/TRPC1/SLC24A4/P2RX6/GRIN2A/RYR3/TMEM120A/GPM6A/SCN2A/KCNQ2/ASIC2/CACNB2/TMEM109/BAX/CNGA3/ANO5/ANO3/CNR1/GJB6/SLC24A1/TRPC4/TRPM7/CATSPER2/SCN4B
GO:0022803	passive transmembrane transporter activity	266	0.267599233353981	1.10795837615123	0.175438596491228	0.8697509765625	0.8697509765625	2970	tags=27%, list=23%, signal=22%	GPR89A/PKD1/GABRA5/ASIC1/GRIA4/AQP1/CYBB/ANO6/TRPV1/KCNK4/GABRA2/CACNA1D/KCNQ5/KCNE3/GABRA4/KCNT1/PSEN1/GRIK4/TMEM175/KCNAB2/KCNK1/KCNH7/MCOLN1/TSPOAP1/LRRC8C/KCNH3/KCNIP4/KCNN3/ORAI2/KCNH1/KCNIP2/KCNMB3/TMEM63A/KCNMA1/KCNN1/TRPV3/RYR2/CACHD1/KCNK10/KCNK6/PKD2/NOX5/TTYH1/CACNB1/ITPR2/ANO8/P2RX4/MCU/TPCN2/GRIK2/TRPC1/SLC24A4/P2RX6/GRIN2A/RYR3/TMEM120A/GPM6A/SCN2A/KCNQ2/ASIC2/CACNB2/TMEM109/BAX/CNGA3/ANO5/ANO3/CNR1/GJB6/SLC24A1/TRPC4/TRPM7/CATSPER2/SCN4B
GO:0008308	voltage-gated anion channel activity	12	0.515888199524609	1.24953318021778	0.175732217573222	0.8697509765625	0.8697509765625	310	tags=17%, list=2%, signal=16%	GPR89A/ANO6
GO:0070182	DNA polymerase binding	17	-0.486011449331674	-1.25164180840357	0.17578125	0.8697509765625	0.8697509765625	1858	tags=29%, list=14%, signal=25%	RMRP/SMARCA4/NAT10/RTEL1/ACD
GO:0030971	receptor tyrosine kinase binding	55	0.358394076572745	1.18159926672518	0.177083333333333	0.871653713298791	0.871653713298791	1585	tags=18%, list=12%, signal=16%	HYAL2/SHC3/SHC2/PIK3R2/PITPNM2/PTPN1/PTPN2/NCK2/CBLB/PIK3R1
GO:0032451	demethylase activity	33	-0.408460006535938	-1.21390437396486	0.178294573643411	0.873091984336291	0.87309198433629	2995	tags=48%, list=23%, signal=38%	RIOX2/KDM4B/KDM5B/KDM4A/KDM3B/JMJD6/ALKBH3/ALKBH1/KDM5C/KDM3A/PHF8/KDM6B/KDM8/KDM2B/PHF2/ALKBH4
GO:0042043	neurexin family protein binding	12	0.510533656426668	1.23656393751762	0.182008368200837	0.88670743482459	0.88670743482459	932	tags=25%, list=7%, signal=23%	SYTL5/NLGN1/SYTL2
GO:0003953	NAD+ nucleosidase activity	11	0.524836585991683	1.24646130981417	0.185483870967742	0.892511235084457	0.892511235084457	1402	tags=27%, list=11%, signal=24%	TLR5/IL1RAP/TLR6
GO:0016646	oxidoreductase activity, acting on the CH-NH group of donors, NAD or NADP as acceptor	16	0.47614893282512	1.24329396837079	0.188	0.892511235084457	0.892511235084457	1931	tags=31%, list=15%, signal=27%	MTHFD1L/DHFR/MTHFD2/MTHFR/PYCR3
GO:0052866	phosphatidylinositol phosphate phosphatase activity	30	-0.411642064290703	-1.2074267151524	0.188571428571429	0.892511235084457	0.892511235084457	1413	tags=27%, list=11%, signal=24%	PTPMT1/MTMR2/INPP5K/MTMR11/INPP5B/SYNJ1/MTMR14/INPP5J
GO:0004553	hydrolase activity, hydrolyzing O-glycosyl compounds	60	-0.348753995435443	-1.16364093737558	0.191938579654511	0.892511235084457	0.892511235084457	2450	tags=30%, list=19%, signal=25%	FUCA1/GBA2/FUCA2/HEXD/GLA/MAN1C1/MAN1B1/HYAL3/GANC/MAN2A2/OVGP1/EDEM1/GALC/GAA/GBE1/MOGS/EDEM2/CEMIP
GO:0140104	molecular carrier activity	58	-0.350325183793243	-1.1683362989522	0.192380952380952	0.892511235084457	0.892511235084457	3405	tags=33%, list=26%, signal=24%	TNPO3/EMC7/TF/COX18/TNPO1/NDUFAB1/KPNA6/EMC8/XPO4/CYGB/CLU/EIF4ENIF1/KPNA3/XPO6/OXA1L/FXN/IPO11/EMC10/NUP214
GO:0005261	cation channel activity	199	0.275403044372986	1.10131671518229	0.192982456140351	0.892511235084457	0.892511235084457	2522	tags=26%, list=19%, signal=21%	PKD1/ASIC1/GRIA4/AQP1/ANO6/TRPV1/KCNK4/CACNA1D/KCNQ5/KCNE3/KCNT1/PSEN1/GRIK4/TMEM175/KCNAB2/KCNK1/KCNH7/MCOLN1/TSPOAP1/KCNH3/KCNIP4/KCNN3/ORAI2/KCNH1/KCNIP2/KCNMB3/TMEM63A/KCNMA1/KCNN1/TRPV3/RYR2/CACHD1/KCNK10/KCNK6/PKD2/NOX5/CACNB1/ITPR2/P2RX4/MCU/TPCN2/GRIK2/TRPC1/SLC24A4/P2RX6/GRIN2A/RYR3/GPM6A/SCN2A/KCNQ2/ASIC2
GO:0008649	rRNA methyltransferase activity	21	-0.445449365578696	-1.20724329473192	0.193116634799235	0.892511235084457	0.892511235084457	2636	tags=43%, list=20%, signal=34%	NSUN5/FTSJ3/METTL25B/TFB1M/DIMT1/BUD23/FBL/METTL15/MRM1
GO:0140102	catalytic activity, acting on a rRNA	21	-0.445449365578696	-1.20724329473192	0.193116634799235	0.892511235084457	0.892511235084457	2636	tags=43%, list=20%, signal=34%	NSUN5/FTSJ3/METTL25B/TFB1M/DIMT1/BUD23/FBL/METTL15/MRM1
GO:0019838	growth factor binding	80	0.321665647067434	1.14048061015891	0.19375	0.892511235084457	0.892511235084457	1404	tags=19%, list=11%, signal=17%	HYAL2/A2M/FGFR3/COL4A1/IL11RA/FURIN/API5/HAP1/IL10RA/NRP1/NTRK3/RPS2/KL/TGFBR3/ACVR1
GO:0008656	cysteine-type endopeptidase activator activity involved in apoptotic process	12	0.502571589222047	1.21727900879766	0.194560669456067	0.892511235084457	0.892511235084457	2162	tags=33%, list=16%, signal=28%	CASP8AP2/APAF1/CTSH/BAD
GO:0016830	carbon-carbon lyase activity	41	0.36984236478892	1.17447663085387	0.195020746887967	0.892511235084457	0.892511235084457	3392	tags=46%, list=26%, signal=34%	SHMT1/TYW1B/UXS1/MVD/UMPS/CSAD/PDXDC2P-NPIPB14P/AZIN1/ODC1/SGPL1/ECHDC1/ME3/ME2/SHMT2/NPL/ARMT1/DDT/PDXDC1/ME1
GO:0140318	protein transporter activity	26	-0.431468840388375	-1.21738043261374	0.1953125	0.892511235084457	0.892511235084457	1565	tags=35%, list=12%, signal=31%	SEC61G/BLOC1S3/TOMM40/TOMM22/SEC61A2/SEC61A1/ATP13A1/IGF1R/AP4M1
GO:0000175	3'-5'-exoribonuclease activity	33	-0.403232650544568	-1.19836916806793	0.195736434108527	0.892511235084457	0.892511235084457	3052	tags=42%, list=23%, signal=33%	DIS3L2/ISG20L2/REXO2/DIS3L/EXOSC10/TOE1/CNOT7/PAN2/USB1/EXOSC5/CNOT8/EXD2/CNOT2/EXOSC7
GO:0032794	GTPase activating protein binding	13	0.492075585134527	1.22309929193131	0.19661733615222	0.892511235084457	0.892511235084457	1433	tags=23%, list=11%, signal=21%	PIN1/FMNL3/RGS14
GO:0043023	ribosomal large subunit binding	14	0.492994359599379	1.23434880916789	0.198329853862213	0.892511235084457	0.892511235084457	987	tags=29%, list=8%, signal=26%	MALSU1/MRRF/RBM3/NEMF
GO:0004675	transmembrane receptor protein serine/threonine kinase activity	12	0.499561106382959	1.20998731614142	0.198744769874477	0.892511235084457	0.892511235084457	2536	tags=42%, list=19%, signal=34%	TGFBR3/ACVR1/ACVR1C/LTBP4/BMPR1A
GO:0008574	plus-end-directed microtubule motor activity	11	0.51383873281327	1.22034194457974	0.201612903225806	0.892511235084457	0.892511235084457	1276	tags=27%, list=10%, signal=25%	KIF16B/KIF3A/KIF17
GO:0001671	ATPase activator activity	24	-0.429250211455466	-1.20089776130256	0.20188679245283	0.892511235084457	0.892511235084457	2779	tags=46%, list=21%, signal=36%	DNAJC24/DNAJC10/ATP1B2/DNAJB2/GTF2H4/AHSA2P/TOR1AIP2/TOR1AIP1/RAB3A/DNAJB4/DNAJB6
GO:0005313	L-glutamate transmembrane transporter activity	10	0.540910460010648	1.24391341758127	0.202	0.892511235084457	0.892511235084457	591	tags=20%, list=5%, signal=19%	SLC25A18/SLC38A7
GO:0017147	Wnt-protein binding	16	0.468969758425553	1.22454810208079	0.202	0.892511235084457	0.892511235084457	3216	tags=38%, list=25%, signal=28%	PTPRO/WIF1/APCDD1/RECK/ROR1/LRP6
GO:0004725	protein tyrosine phosphatase activity	76	0.325586137137809	1.14108868560423	0.202928870292887	0.892511235084457	0.892511235084457	2993	tags=41%, list=23%, signal=32%	PTPN18/SSH2/PTPN20/PTPRB/PALD1/PTPN1/PTPN2/PTPRO/DUSP4/DUSP19/PTPRG/MTMR7/PTPN12/DUSP6/DUSP22/RNGTT/PTPRZ1/SSH1/DUSP12/PTPRN2/TIMM50/PTPRD/DUSP8/DUSP9/PTPRT/DUSP16/DUSP5/PTPN11/PTPN21/MTMR1/PTPN4
GO:0004114	3',5'-cyclic-nucleotide phosphodiesterase activity	18	0.456425431041715	1.22278670127719	0.204592901878914	0.895683210990639	0.895683210990639	1271	tags=33%, list=10%, signal=30%	PDE6B/PDE2A/PDE3B/PDE4D/PDE8B/PDE7A
GO:0043028	cysteine-type endopeptidase regulator activity involved in apoptotic process	23	0.427774003581203	1.20110524979678	0.208421052631579	0.89622641509434	0.89622641509434	2510	tags=35%, list=19%, signal=28%	CASP8AP2/BIRC3/APAF1/CTSH/BAD/MT3/RPS6KA3/XIAP
GO:0140312	cargo adaptor activity	19	-0.455186430152468	-1.19991695325205	0.208494208494208	0.89622641509434	0.89622641509434	2480	tags=37%, list=19%, signal=30%	AP2A2/AP1M1/AP2B1/AP2A1/AP1G2/AP1S3/STON1
GO:0005319	lipid transporter activity	99	0.30870307030153	1.13210784337465	0.209745762711864	0.89622641509434	0.89622641509434	1761	tags=21%, list=13%, signal=19%	ABCA5/ABCB1/SLCO2B1/ANO6/ABCA10/MFSD2A/PITPNM2/OSBPL3/ATP11A/SPNS2/STARD3/ATP10A/ATP8B4/ATP8B1/ATP11B/OSBPL6/ATP9B/FABP5/SLCO1A2/OSBPL8/MFSD2B
GO:0008198	ferrous iron binding	20	-0.445410564858353	-1.18646622710807	0.21011673151751	0.89622641509434	0.89622641509434	4542	tags=60%, list=35%, signal=39%	SNCA/ALKBH2/FTO/HEPH/EGLN2/DNAJC24/TF/FECH/ALKBH3/ISCU/ALKBH1/FXN
GO:0106306	protein serine phosphatase activity	59	0.345406937170985	1.16172013000034	0.210855949895616	0.89622641509434	0.89622641509434	3189	tags=32%, list=24%, signal=24%	PPM1M/SSH2/PPP4C/PPM1A/DUSP4/DUSP19/DUSP6/DUSP22/SSH1/DUSP12/DUSP8/DUSP9/PPM1F/DUSP16/PPM1B/DUSP5/RPAP2/PPP3CC/DUSP1
GO:0106307	protein threonine phosphatase activity	59	0.345406937170985	1.16172013000034	0.210855949895616	0.89622641509434	0.89622641509434	3189	tags=32%, list=24%, signal=24%	PPM1M/SSH2/PPP4C/PPM1A/DUSP4/DUSP19/DUSP6/DUSP22/SSH1/DUSP12/DUSP8/DUSP9/PPM1F/DUSP16/PPM1B/DUSP5/RPAP2/PPP3CC/DUSP1
GO:0034593	phosphatidylinositol bisphosphate phosphatase activity	24	-0.425302599553505	-1.18985367053908	0.211320754716981	0.89622641509434	0.89622641509434	1413	tags=29%, list=11%, signal=26%	PTPMT1/MTMR2/INPP5K/INPP5B/SYNJ1/MTMR14/INPP5J
GO:0005253	anion channel activity	49	0.350738219051866	1.14687992526418	0.212809917355372	0.898530762167126	0.898530762167126	681	tags=10%, list=5%, signal=10%	GPR89A/GABRA5/ANO6/GABRA2/GABRA4
GO:0046966	thyroid hormone receptor binding	26	0.412069716996344	1.19112837403302	0.214285714285714	0.9	0.9	1966	tags=35%, list=15%, signal=29%	JMJD1C/TACC1/MED17/ZNHIT3/NCOA3/GTF2H1/GAS2L1/MED13/NCOR1
GO:0004177	aminopeptidase activity	28	-0.409784326230835	-1.16997454172907	0.215415019762846	0.9	0.9	1093	tags=29%, list=8%, signal=26%	XPNPEP3/NPEPPS/METAP1/DNPEP/ERAP1/KDM8/LTA4H/DPP9
GO:0008409	5'-3' exonuclease activity	16	0.463015197445446	1.20899987916042	0.216	0.9	0.9	1954	tags=38%, list=15%, signal=32%	EXOG/DXO/APTX/XRN1/DCP2/DCLRE1C
GO:0005520	insulin-like growth factor binding	13	-0.498250247168056	-1.21752805601834	0.217391304347826	0.901841655591418	0.901841655591418	2393	tags=54%, list=18%, signal=44%	ITGA6/INSR/IGFBP7/ITGB4/IGF2R/IGF1R/IGFBP3
GO:0016597	amino acid binding	31	-0.397294873129405	-1.17634066872009	0.220729366602687	0.907751109383604	0.907751109383604	1196	tags=19%, list=9%, signal=18%	CAD/GCLC/CEP104/AARS1/ASS1/GRIN1
GO:0042379	chemokine receptor binding	13	-0.495349028185555	-1.21043861546527	0.22117202268431	0.907751109383604	0.907751109383604	1949	tags=31%, list=15%, signal=26%	STAT1/YARS1/CXCL12/STAT3
GO:0017134	fibroblast growth factor binding	17	0.453101821362638	1.19429063106895	0.222448979591837	0.907751109383604	0.907751109383604	1216	tags=29%, list=9%, signal=27%	FGFR3/API5/RPS2/KL/TGFBR3
GO:0010485	H4 histone acetyltransferase activity	10	-0.543428764943412	-1.23012076913469	0.223107569721116	0.907751109383604	0.907751109383604	3843	tags=80%, list=29%, signal=57%	ATF2/KAT8/NAA50/USP22/KAT2A/HAT1/EP300/NAA60
GO:0031406	carboxylic acid binding	98	-0.305662387814368	-1.1106513853877	0.224334600760456	0.907751109383604	0.907751109383604	2842	tags=30%, list=22%, signal=23%	NDUFAB1/GRHPR/CYP26B1/AKR1C1/UBR1/STARD5/GAD1/GSTM2/IGF2R/NR2F2/PLOD2/ACOX1/ACACB/SCP2/ALKBH3/P4HA1/PC/CAD/NAPEPLD/P4HA2/OGFOD2/GCLC/RARA/CEP104/GRIN1/UROS/MCCC1/CRABP2/P3H3
GO:0042923	neuropeptide binding	12	-0.510351372051169	-1.2265201087338	0.227099236641221	0.907751109383604	0.907751109383604	40	tags=25%, list=0%, signal=25%	OPRL1/SORL1/OPRK1
GO:0052629	phosphatidylinositol-3,5-bisphosphate 3-phosphatase activity	10	-0.540701936450688	-1.22394824279977	0.229083665338645	0.907751109383604	0.907751109383604	1122	tags=30%, list=9%, signal=27%	MTMR2/SYNJ1/MTMR14
GO:0004112	cyclic-nucleotide phosphodiesterase activity	20	0.435342598630684	1.196072326922	0.229508196721311	0.907751109383604	0.907751109383604	1271	tags=30%, list=10%, signal=27%	PDE6B/PDE2A/PDE3B/PDE4D/PDE8B/PDE7A
GO:0004129	cytochrome-c oxidase activity	15	0.463359017161574	1.17127145058592	0.229979466119097	0.907751109383604	0.907751109383604	529	tags=13%, list=4%, signal=13%	SURF1/COX7A1
GO:0030275	LRR domain binding	15	0.467601665696447	1.18199594912747	0.229979466119097	0.907751109383604	0.907751109383604	1709	tags=33%, list=13%, signal=29%	MRTFA/ZXDC/ERC1/PMF1/KRAS
GO:0008017	microtubule binding	220	-0.26928036723447	-1.08057964561704	0.230055658627087	0.907751109383604	0.907751109383604	2332	tags=24%, list=18%, signal=20%	KATNB1/IRAG2/KIF9/ZNF207/CCDC88A/PPP5C/CRIPT/MAP1LC3A/ABRAXAS2/KIF22/NAV3/ALMS1/KIF2A/RACGAP1/CAMSAP3/KIF21A/KIF24/FNTA/KIF1A/JAKMIP3/EML5/GAS2/TTBK2/CEP44/KIF1B/TUBGCP6/FSD1/DCTN1/RMDN1/STIM1/EML2/MAP6/KRIT1/CRYAB/MAP4K4/CCDC66/LRPPRC/RMDN3/MTUS2/MAP1S/CCDC61/TOGARAM2/SUN2/CCDC88C/CEP295/PEX14/GAS8/TUBGCP4/EML1/SPAG8/MX1/MAP7D3
GO:0106019	phosphatidylinositol-4,5-bisphosphate phosphatase activity	12	-0.507748421291326	-1.22026447462791	0.230916030534351	0.907751109383604	0.907751109383604	1413	tags=42%, list=11%, signal=37%	PTPMT1/INPP5K/INPP5B/SYNJ1/INPP5J
GO:0140323	solute:anion antiporter activity	16	-0.474005748361068	-1.20191577750068	0.233067729083665	0.907751109383604	0.907751109383604	1107	tags=38%, list=8%, signal=34%	SLC4A3/SLC37A4/SLC19A1/SLC26A11/SLC26A6/SLC25A11
GO:0016670	oxidoreductase activity, acting on a sulfur group of donors, oxygen as acceptor	10	0.524077777568875	1.20520386934514	0.234	0.907751109383604	0.907751109383604	1329	tags=40%, list=10%, signal=36%	SUMF1/QSOX1/GFER/ERO1A
GO:0031434	mitogen-activated protein kinase kinase binding	10	0.523069842092292	1.20288595435538	0.234	0.907751109383604	0.907751109383604	2895	tags=40%, list=22%, signal=31%	PIN1/DAB2IP/MAPK8IP1/TRIB1
GO:0035252	UDP-xylosyltransferase activity	10	-0.536031148471144	-1.21337531462129	0.235059760956175	0.907751109383604	0.907751109383604	812	tags=20%, list=6%, signal=19%	POGLUT1/XXYLT1
GO:0042285	xylosyltransferase activity	10	-0.536031148471144	-1.21337531462129	0.235059760956175	0.907751109383604	0.907751109383604	812	tags=20%, list=6%, signal=19%	POGLUT1/XXYLT1
GO:0052745	inositol phosphate phosphatase activity	15	-0.484609677110747	-1.22524003397868	0.236893203883495	0.911127707244212	0.911127707244212	1606	tags=40%, list=12%, signal=35%	MINPP1/INPP5K/INPP5B/SYNJ1/INPP5A/INPP5J
GO:0015020	glucuronosyltransferase activity	13	0.475106824907755	1.18092187194685	0.238900634249471	0.915143558616927	0.915143558616927	3950	tags=46%, list=30%, signal=32%	CSGALNACT1/CHSY3/LARGE1/EXTL1/B3GAT1/CHSY1
GO:0015174	basic amino acid transmembrane transporter activity	10	0.519062820569333	1.19367114302256	0.244	0.930125523012552	0.930125523012552	2992	tags=50%, list=23%, signal=39%	SLC38A7/SLC47A1/SLC38A9/SLC15A4/SLC7A6
GO:0017081	chloride channel regulator activity	12	0.482060411427177	1.16759887026444	0.244769874476987	0.930125523012552	0.930125523012552	2872	tags=50%, list=22%, signal=39%	SGK1/TRPV1/WNK1/WNK3/VTI1B/STX1A
GO:0016645	oxidoreductase activity, acting on the CH-NH group of donors	21	0.424210223277375	1.16738306299916	0.248434237995825	0.933350463652234	0.933350463652234	1931	tags=29%, list=15%, signal=24%	ETFDH/MTHFD1L/DHFR/MTHFD2/MTHFR/PYCR3
GO:1904047	S-adenosyl-L-methionine binding	15	-0.474359561796566	-1.19932463808582	0.248543689320388	0.933350463652234	0.933350463652234	2411	tags=33%, list=18%, signal=27%	METTL17/N6AMT1/METTL3/KMT5C/PRMT8
GO:0043178	alcohol binding	59	-0.334816166137098	-1.11575238727196	0.248565965583174	0.933350463652234	0.933350463652234	2727	tags=29%, list=21%, signal=23%	STARD3NL/ERLIN1/OSBPL7/PTCH1/STARD5/TPK1/SCP2/PROM2/ANXA6/PLCL1/STARD4/RPH3A/CDIPT/OSBPL10/GLE1/CRABP2/GRAMD1A
GO:0042626	ATPase-coupled transmembrane transporter activity	74	-0.317081046139068	-1.10354581680564	0.252408477842004	0.938237028301887	0.938237028301887	2333	tags=28%, list=18%, signal=23%	ABCA9/ATP6V1B2/ATP1A3/ABCB10/TAPBP/ABCA2/ATP2B3/ABCB8/ABCD3/ATP13A1/ABCB6/SLC26A6/ABCG4/ATP7B/CLCN6/CLCN7/ABCC10/TAP2/ABCC8/ABCC1/ABCD4
GO:0099094	ligand-gated cation channel activity	63	0.330048202520796	1.11572405617989	0.255813953488372	0.938237028301887	0.938237028301887	2656	tags=33%, list=20%, signal=27%	ASIC1/GRIA4/AQP1/TRPV1/GRIK4/KCNK1/MCOLN1/KCNN3/KCNN1/RYR2/KCNK6/PKD2/ITPR2/P2RX4/TPCN2/GRIK2/P2RX6/GRIN2A/RYR3/ASIC2/CNGA3
GO:0005539	glycosaminoglycan binding	103	-0.298743287938655	-1.0955323622874	0.256120527306968	0.938237028301887	0.938237028301887	2406	tags=25%, list=18%, signal=21%	LPL/PRELP/FN1/ZNF207/GREM2/SLIT2/TNXB/SPOCK2/ANXA6/LIPG/FGFR1/APP/VEGFA/MDK/COL25A1/IMPG2/COLQ/SULF2/SLIT1/APLP1/NRP2/PTPRF/TENM1/FBN1/COL11A1/CEMIP
GO:0043425	bHLH transcription factor binding	19	0.433009574923157	1.17774016027392	0.256198347107438	0.938237028301887	0.938237028301887	2822	tags=42%, list=22%, signal=33%	NCAPG2/TCF12/MAP3K10/PSMD9/LMO2/TCF3/KDM1A/USF2
GO:0070566	adenylyltransferase activity	25	0.397703321802921	1.13499986993401	0.256198347107438	0.938237028301887	0.938237028301887	2396	tags=36%, list=18%, signal=29%	TRNT1/PAPOLA/ABL1/PAPOLB/NMNAT3/TENT2/MTPAP/FHIT/GPHN
GO:0050699	WW domain binding	25	0.396687385638219	1.1321005041214	0.258264462809917	0.938237028301887	0.938237028301887	929	tags=12%, list=7%, signal=11%	TNK2/WBP2NL/RAPGEF2
GO:0016829	lyase activity	142	0.277163611348033	1.07969864104858	0.258947368421053	0.938237028301887	0.938237028301887	1507	tags=20%, list=11%, signal=18%	HACD2/RNASET2/SHMT1/POLB/TPI1/GUCY1A1/TYW1B/UXS1/ASL/L3HYPDH/HMGB1/GUCY1A2/MVD/UMPS/CA12/CA5B/CSAD/PDXDC2P-NPIPB14P/ETNPPL/ENOSF1/OGG1/ADCY6/MGST2/CTH/TKFC/AZIN1/CA10/ODC1/APIP
GO:0140103	catalytic activity, acting on a glycoprotein	17	0.434098820436838	1.14420231780721	0.259183673469388	0.938237028301887	0.938237028301887	1684	tags=29%, list=13%, signal=26%	C1GALT1/MGAT4B/MGAT4C/MGAT5B/B4GALNT4
GO:0005048	signal sequence binding	44	-0.360734732209436	-1.13653308341583	0.25968992248062	0.938237028301887	0.938237028301887	3011	tags=39%, list=23%, signal=30%	POM121C/NOLC1/SEC61A2/TNPO1/KPNA6/KDELR1/SRP68/SRP54/KPNA3/AP2B1/NUP98/SEC61A1/PEX5/POM121/NPAP1/NUP214/CEMIP
GO:0046625	sphingolipid binding	19	-0.435265205116281	-1.14740261172728	0.260617760617761	0.938237028301887	0.938237028301887	3912	tags=47%, list=30%, signal=33%	EPDR1/CLIP3/CERT1/PHB2/MAP1LC3B/PSAP/PLTP/LAPTM4B/CPTP
GO:0015036	disulfide oxidoreductase activity	36	0.366861720671746	1.12436486001146	0.261316872427984	0.938237028301887	0.938237028301887	2420	tags=31%, list=18%, signal=25%	GLRX/QSOX1/TXNRD2/GFER/TXNRD1/ERO1A/GSTO2/GLRX3/TXNL1/ENOX1/GSR
GO:0015216	purine nucleotide transmembrane transporter activity	17	-0.45175051345593	-1.16340845547314	0.26171875	0.938237028301887	0.938237028301887	361	tags=12%, list=3%, signal=11%	SLC25A17/SLC25A23
GO:0035254	glutamate receptor binding	45	0.345491017989896	1.12562225672407	0.265560165975104	0.941515155090435	0.941515155090435	860	tags=16%, list=7%, signal=15%	SHANK3/AKAP5/HOMER3/CANX/SYNDIG1/OPHN1/HOMER1
GO:0019903	protein phosphatase binding	116	0.286877689108997	1.07492947134187	0.268240343347639	0.941515155090435	0.941515155090435	2215	tags=21%, list=17%, signal=17%	STYXL1/PIK3R2/C20orf27/BOD1L1/PTPN1/AKAP5/PPP6R1/KIF3A/CTTNBP2NL/DAB2IP/AP3B1/STRN4/HMGCR/MASTL/ANAPC4/MAPT/PIK3R1/ARPP19/PPP1R9B/ANAPC7/PPP1R16A/BAD/PTK2/MAP2K7
GO:0004535	poly(A)-specific ribonuclease activity	12	-0.486051786167308	-1.16812126363876	0.270992366412214	0.941515155090435	0.941515155090435	2476	tags=42%, list=19%, signal=34%	TOE1/CNOT7/PAN2/CNOT8/CNOT2
GO:0016888	endodeoxyribonuclease activity, producing 5'-phosphomonoesters	12	-0.485077338797119	-1.16577938829582	0.270992366412214	0.941515155090435	0.941515155090435	886	tags=42%, list=7%, signal=39%	DICER1/GEN1/FAN1/DNA2/ENDOV
GO:1901618	organic hydroxy compound transmembrane transporter activity	18	0.427296163423685	1.14474792727641	0.271398747390397	0.941515155090435	0.941515155090435	2869	tags=44%, list=22%, signal=35%	AQP1/SLCO2B1/SLCO1A2/SLC2A13/SLC16A7/ABCC4/ABCG1/SLCO1C1
GO:0003713	transcription coactivator activity	227	0.257801578440644	1.05762794189193	0.272340425531915	0.941515155090435	0.941515155090435	2384	tags=23%, list=18%, signal=19%	HYAL2/MED12L/SUPT3H/MRTFA/TACC1/NME2/SMARCA2/ASXL1/MED17/CCAR1/YAF2/CCDC62/HMGB1/NCOA3/SMARCB1/PPARGC1B/WBP2NL/CEBPZ/ZXDC/SMARCD1/JADE1/SUB1/SMARCC1/ABL1/MED14/ARID1A/PSMD9/TRIP4/TRIP11/TCERG1/PMF1/MED13/TRERF1/NPAT/LMO2/TMF1/ELK1/SS18L1/HCFC2/PRKCB/ARID1B/CENPJ/SRA1/MTA2/SMARCC2/TAF6L/MYSM1/GPS2/PKN1/HCFC1/PER2/JMY/KDM1A
GO:0097001	ceramide binding	16	-0.448525262109719	-1.13730601580522	0.272908366533865	0.941515155090435	0.941515155090435	3912	tags=50%, list=30%, signal=35%	EPDR1/CLIP3/CERT1/MAP1LC3B/PSAP/PLTP/LAPTM4B/CPTP
GO:0017116	single-stranded DNA helicase activity	19	-0.428095821214551	-1.12850339874947	0.274131274131274	0.941515155090435	0.941515155090435	586	tags=32%, list=4%, signal=30%	DHX9/MCM4/RFC4/DNA2/RFC3/HELQ
GO:0004540	ribonuclease activity	90	-0.308527695991846	-1.10262751236499	0.278409090909091	0.941515155090435	0.941515155090435	3328	tags=38%, list=25%, signal=28%	NUDT16/INTS11/POP4/ELAC2/DIS3L2/ISG20L2/SMG6/REXO2/DICER1/DIS3L/EXOSC10/PRORP/TOE1/SND1/YBEY/CNOT7/AGO3/RMRP/EDC3/N4BP1/PAN2/RPP30/DBR1/LACTB2/USB1/DROSHA/EXOSC5/TSEN2/CNOT8/RCL1/EXD2/CNOT2/EXOSC7/ENDOV
GO:0016655	oxidoreductase activity, acting on NAD(P)H, quinone or similar compound as acceptor	52	-0.340417258497682	-1.10892255659712	0.280230326295585	0.941515155090435	0.941515155090435	1088	tags=13%, list=8%, signal=12%	NDUFA10/NDUFC1/NDUFS3/DHRS4/AIFM2/DCXR/NDUFB2
GO:0016798	hydrolase activity, acting on glycosyl bonds	90	-0.308128094810292	-1.10119940311426	0.28030303030303	0.941515155090435	0.941515155090435	2147	tags=24%, list=16%, signal=21%	FUCA2/HEXD/NEIL1/GLA/CLN5/MAN1C1/MAN1B1/SMUG1/ADPRHL1/HYAL3/GANC/MAN2A2/OVGP1/EDEM1/GALC/GAA/MUTYH/GBE1/MOGS/TDG/EDEM2/CEMIP
GO:0061629	RNA polymerase II-specific DNA-binding transcription factor binding	240	-0.26159729489439	-1.06480434349389	0.280669144981413	0.941515155090435	0.941515155090435	2237	tags=21%, list=17%, signal=18%	FOXP1/BAZ2A/HSPB1/DCAF1/TAF6/HDAC1/BRD8/GABARAPL1/DDX54/STAT1/CREBBP/CPNE1/TAF4/BBS2/TRIM24/TAF4B/SIN3A/CHD4/BCL10/DHX9/EP300/MED24/UHRF2/CTBP2/MTA1/MED16/PPARGC1A/SMARCA4/ARNT2/MMS19/SPEN/KDM3A/FUS/DDX5/STAT3/NR4A3/SRC/NR4A2/TACC2/TP53BP1/BCAS3/DMAP1/HDAC3/HSF1/HIRA/MED12/BRMS1/RARG/WWP2/NOTCH2/GTF2I
GO:0044325	transmembrane transporter binding	106	0.288116089109931	1.07460623934163	0.282426778242678	0.941515155090435	0.941515155090435	2596	tags=26%, list=20%, signal=21%	PKD1/YWHAH/AP2M1/KCNE3/YWHAZ/KCNAB2/HAP1/PDE4D/HOMER1/HTT/NEDD4L/KCNH1/KCNIP2/RIMS1/AKAP9/LRRK2/CBARP/RYR2/PPP1R9B/PKD2/PIRT/BAK1/RIMS4/ITPR2/PKP2/SLC8A1/PACS2/USP10
GO:0017110	nucleoside-diphosphatase activity	12	0.46796015961883	1.13344664018787	0.284518828451883	0.941515155090435	0.941515155090435	2385	tags=25%, list=18%, signal=20%	ENTPD4/ENTPD7/ENTPD6
GO:0030145	manganese ion binding	52	0.333128057909634	1.09191780389135	0.284823284823285	0.941515155090435	0.941515155090435	1551	tags=25%, list=12%, signal=22%	WRN/PPM1M/B4GALT1/PAPOLA/NPEPL1/ARG2/PPM1A/GALNT1/PRIMPOL/ABL1/DCP2/GALNT2/MGAT5B
GO:0005504	fatty acid binding	19	0.417576028992421	1.1357625507458	0.285123966942149	0.941515155090435	0.941515155090435	1636	tags=26%, list=12%, signal=23%	NME2/STX3/FABP5/ACOX3/PPARG
GO:0005244	voltage-gated ion channel activity	129	0.279689575801916	1.06894264447382	0.286315789473684	0.941515155090435	0.941515155090435	2590	tags=24%, list=20%, signal=19%	GPR89A/CYBB/ANO6/TRPV1/KCNK4/CACNA1D/KCNQ5/KCNE3/KCNT1/KCNAB2/KCNK1/KCNH7/TSPOAP1/KCNH3/KCNIP4/KCNN3/KCNH1/KCNIP2/KCNMA1/KCNN1/CACHD1/KCNK10/KCNK6/PKD2/CACNB1/TPCN2/GRIN2A/SCN2A/KCNQ2/CACNB2/TMEM109
GO:0022832	voltage-gated channel activity	129	0.279689575801916	1.06894264447382	0.286315789473684	0.941515155090435	0.941515155090435	2590	tags=24%, list=20%, signal=19%	GPR89A/CYBB/ANO6/TRPV1/KCNK4/CACNA1D/KCNQ5/KCNE3/KCNT1/KCNAB2/KCNK1/KCNH7/TSPOAP1/KCNH3/KCNIP4/KCNN3/KCNH1/KCNIP2/KCNMA1/KCNN1/CACHD1/KCNK10/KCNK6/PKD2/CACNB1/TPCN2/GRIN2A/SCN2A/KCNQ2/CACNB2/TMEM109
GO:0009982	pseudouridine synthase activity	13	0.456524356096254	1.13473343030842	0.287526427061311	0.941515155090435	0.941515155090435	2118	tags=38%, list=16%, signal=32%	PUS1/PUS10/PUS7L/RPUSD4/PUS7
GO:0016746	acyltransferase activity	175	-0.275857553936114	-1.07434778682935	0.287822878228782	0.941515155090435	0.941515155090435	3729	tags=43%, list=28%, signal=31%	NAA30/KAT8/AGPAT5/TMEM68/GTF3C4/GPAT4/NAA50/ZDHHC9/USP22/SIRT7/CRAT/BAAT/TADA2A/HHATL/ZDHHC13/CERS6/SMARCE1/TLCD3B/AGPAT1/LPCAT3/KAT2A/TGM2/ACAA1/GTF2B/ZDHHC16/SIRT1/KAT7/SRCAP/ZDHHC17/TAFAZZIN/ELOVL4/HAT1/PORCN/CS/ZDHHC2/CPT1C/ALAS1/HMGCS1/ATAT1/EPC1/KAT5/ELP3/ABHD4/SCP2/PLA2G4C/CREBBP/CERS4/ZDHHC21/GNPAT/GGT7/ELOVL6/DLST/EP300/ZDHHC5/LPCAT1/PNPLA2/ELOVL1/MED24/NMT2/DGAT2/CLYBL/SPTLC1/LCLAT1/ZDHHC8/MBOAT7/NAT10/FASN/NAT9/NAA60/ZDHHC14/DGAT1/PLA2G15/KMT2C/ELOVL5/ZDHHC11
GO:0050840	extracellular matrix binding	32	-0.378947255899867	-1.12148424897212	0.288201160541586	0.941515155090435	0.941515155090435	2263	tags=41%, list=17%, signal=34%	SMOC2/SPARC/ECM1/SPP1/GPC1/SLIT2/SPOCK2/OLFML2A/DAG1/VEGFA/ITGA3/RPSA/COL11A1
GO:0019001	guanyl nucleotide binding	298	0.250434131620939	1.05020954319414	0.288248337028825	0.941515155090435	0.941515155090435	2984	tags=22%, list=23%, signal=17%	TUBG2/SEPTIN11/RABL2A/RAB24/RASL10A/NME2/DAPK1/RABL2B/RAB27B/GUCY1A1/PDE2A/GBP4/RASL12/UPRT/GUCY1A2/EHD1/TUBE1/RAB27A/EFL1/PRKG1/GCH1/CPLANE2/GNAI2/RASL10B/DAP3/GNA14/RIT2/LSG1/DNM1/RAB39A/RAP1A/RAB3B/RNGTT/EIF5B/KRAS/GMPPB/RAB40C/ARL16/LRRK2/DNM1L/DRG2/ARL5A/SAMHD1/PDE10A/GNL3/RND3/MFN1/RRAGB/SEPTIN2/ATL3/DNAJC27/OPA1/AGAP2/CNGA3/SEPTIN5/NKIRAS2/RIT1/GNL2/ARL13B/GPN2/ARL10/RRAS2/RHOQ/GPN1/RAB15
GO:0032561	guanyl ribonucleotide binding	298	0.250434131620939	1.05020954319414	0.288248337028825	0.941515155090435	0.941515155090435	2984	tags=22%, list=23%, signal=17%	TUBG2/SEPTIN11/RABL2A/RAB24/RASL10A/NME2/DAPK1/RABL2B/RAB27B/GUCY1A1/PDE2A/GBP4/RASL12/UPRT/GUCY1A2/EHD1/TUBE1/RAB27A/EFL1/PRKG1/GCH1/CPLANE2/GNAI2/RASL10B/DAP3/GNA14/RIT2/LSG1/DNM1/RAB39A/RAP1A/RAB3B/RNGTT/EIF5B/KRAS/GMPPB/RAB40C/ARL16/LRRK2/DNM1L/DRG2/ARL5A/SAMHD1/PDE10A/GNL3/RND3/MFN1/RRAGB/SEPTIN2/ATL3/DNAJC27/OPA1/AGAP2/CNGA3/SEPTIN5/NKIRAS2/RIT1/GNL2/ARL13B/GPN2/ARL10/RRAS2/RHOQ/GPN1/RAB15
GO:0045296	cadherin binding	278	0.254485489125777	1.05528765596666	0.288329519450801	0.941515155090435	0.941515155090435	2699	tags=25%, list=21%, signal=20%	PI4KA/SLK/CTNNAL1/TBC1D10A/CDH12/CDH3/PAK4/STXBP6/TMPO/PTPRB/CEMIP2/STK38/MICALL1/PTPN1/YWHAZ/EHD1/PTPRO/MPP7/PSEN1/CD2AP/ARVCF/DHX29/DAB2IP/RARS1/RPS2/RPL24/CDH13/CDH11/DBNL/CHMP2B/SHTN1/AFDN/UBAP2/ACVR1/ATIC/PPFIBP1/KTN1/ERC1/NOP56/SPTBN2/ASAP1/VCL/RPL6/CIP2A/PDLIM5/USP8/PKN2/EIF3E/GLOD4/ABCF3/RPL15/TNKS1BP1/HCFC1/CAPZB/P2RX4/MYH9/SNX5/PKP2/SEPTIN2/STX5/PAK6/TLN1/STK24/PTPRT/RANBP1/PKP4/DOCK9/FNBP1L/ZC3HAV1/GIPC1
GO:0008525	phosphatidylcholine transporter activity	13	0.453859020697862	1.12810849313003	0.289640591966173	0.941515155090435	0.941515155090435	1165	tags=31%, list=9%, signal=28%	ABCB1/PITPNM2/ATP10A/ATP8B1
GO:0051393	alpha-actinin binding	18	0.42173429721932	1.12984740779077	0.290187891440501	0.941515155090435	0.941515155090435	2711	tags=44%, list=21%, signal=35%	CACNA1D/MAGI1/PPARG/PDLIM5/PKD2/PALLD/PDLIM3/LDB3
GO:0043394	proteoglycan binding	20	0.407574849267292	1.11978244236	0.290983606557377	0.941515155090435	0.941515155090435	1800	tags=25%, list=14%, signal=22%	TNC/COL5A3/SEMA5A/AGRN/CTSB
GO:0004709	MAP kinase kinase kinase activity	22	0.405824715225595	1.12601279210757	0.291489361702128	0.941515155090435	0.941515155090435	2325	tags=36%, list=18%, signal=30%	RIPK1/MAP3K10/MAP3K14/MAP3K4/LRRK2/MAP3K3/MAP3K20/ARAF
GO:0005516	calmodulin binding	144	0.271881137428378	1.0607330222834	0.292993630573248	0.941515155090435	0.941515155090435	2583	tags=31%, list=20%, signal=25%	ARPP21/DAPK1/TRPV1/EEA1/MYO6/PCNT/IQCB1/KCNQ5/MKNK1/AKAP5/RASGRF2/ITPKA/SYT7/MYO9B/SYT1/UNC13C/RIT2/STRN4/UBR4/CTH/RGS2/KCNN3/KCNH1/CDK5RAP2/MYO10/MBP/KCNN1/RYR2/MYO5A/MAP6D1/CAMK1D/INVS/CASK/CAMK2A/CAMSAP2/MYH9/SLC24A4/RYR3/PHKG2/KCNQ2/SLC8A1/MAP2/PHKA1/CAMK1
GO:0051020	GTPase binding	259	0.254558682012558	1.05339182357806	0.294759825327511	0.941515155090435	0.941515155090435	2681	tags=25%, list=20%, signal=20%	RGPD8/USP6NL/SYTL5/ROCK1/DVL1/FMNL3/AMBRA1/DIAPH2/NOXA1/DOCK11/CYFIP1/MICALL1/MICAL3/PPP6R1/EHD1/KNTC1/RAPGEF4/KIF3A/ITPKA/MYRIP/SGSM2/MYO9B/ULK1/SYTL2/YIPF2/AKAP13/ANKRD27/AFDN/LZTR1/RAP1A/TRIP11/OPTN/PAK3/GNB3/CCDC186/ERC1/GARRE1/RIMS1/RAB11FIP3/CDC42EP4/LRRK2/DNM1L/RANBP2/MYO5A/EXOC2/XPOT/RIC1/FGD1/SIKE1/DOCK7/PKN2/RIMS4/PKN1/GNB1/IPO4/RRAGB/FMNL1/STK19/TAMALIN/CHM/RANBP1/DENND5A/RAB11FIP4/FNBP1L/GOLGA4
GO:0003899	DNA-directed 5'-3' RNA polymerase activity	37	-0.362140426702287	-1.1008055889339	0.295499021526419	0.941515155090435	0.941515155090435	1442	tags=22%, list=11%, signal=19%	POLR2A/POLR3G/POLR1B/POLR1C/POLR1D/RPAP1/POLR3A/POLR2J2
GO:0003779	actin binding	301	0.250245183821565	1.05186130139933	0.296213808463252	0.941515155090435	0.941515155090435	1924	tags=21%, list=15%, signal=19%	YWHAH/ARPC2/MRTFA/CTNNAL1/SHANK3/FMNL3/SSH2/DIAPH2/MYO6/ABITRAM/FHOD3/AVIL/CYFIP1/AFAP1/MICAL3/MIB2/COTL1/TPM1/GMFG/NEBL/SPIRE2/SNTG1/TPM3/ACTR3C/BIN1/MYRIP/OPHN1/SPIRE1/MYO9B/SAMD14/DMD/HPCA/DBNL/VPS16/NF2/WASHC1/ABL1/SHTN1/AFDN/VASH1/MYO18A/MAPT/CAP2/TPM4/LIMCH1/SYNE1/SYNE2/HDAC6/MYO10/GAS2L1/KPTN/SPTBN2/SYNPO/KLHL2/KCNMA1/VCL/HOOK1/LRRK2/DST/PPP1R9B/ARPC3/MYO5A/SSH1/PDLIM5
GO:0005229	intracellular calcium activated chloride channel activity	10	0.493813465728909	1.13560605907012	0.298	0.941515155090435	0.941515155090435	3377	tags=60%, list=26%, signal=45%	ANO6/TTYH1/ANO8/ANO5/ANO3/BEST1
GO:0061778	intracellular chloride channel activity	10	0.493813465728909	1.13560605907012	0.298	0.941515155090435	0.941515155090435	3377	tags=60%, list=26%, signal=45%	ANO6/TTYH1/ANO8/ANO5/ANO3/BEST1
GO:0008266	poly(U) RNA binding	23	0.399176877013857	1.12081014405966	0.298947368421053	0.941515155090435	0.941515155090435	4394	tags=57%, list=34%, signal=38%	HNRNPC/PABPC1L/PNPT1/ATXN1/PABPC4/MCRS1/RBM11/MSI2/PABPC1/RBMS2/HNRNPH1/KHDRBS1/SSB
GO:0030159	signaling receptor complex adaptor activity	41	0.344863367167273	1.09515297363704	0.302904564315353	0.941515155090435	0.941515155090435	1787	tags=24%, list=14%, signal=21%	GRB10/SHANK3/DLG5/MAGI2/NCK2/RGS14/AXIN1/GNB3/PIK3R1/LRRK2
GO:0004659	prenyltransferase activity	17	-0.433500370083424	-1.11640824079548	0.3046875	0.941515155090435	0.941515155090435	2816	tags=41%, list=21%, signal=32%	DHDDS/COX10/FDPS/FDFT1/FNTA/RABGGTA/NUS1
GO:0001965	G-protein alpha-subunit binding	15	0.436095888811156	1.10235615443798	0.305954825462012	0.941515155090435	0.941515155090435	1569	tags=40%, list=12%, signal=35%	ADGRV1/GPSM2/RIC8A/RGS2/RGS14/NUCB2
GO:0035250	UDP-galactosyltransferase activity	21	0.401185855706074	1.1040223628931	0.306889352818372	0.941515155090435	0.941515155090435	1390	tags=19%, list=11%, signal=17%	B4GALT1/B4GALT2/B3GALNT1/B3GNT5
GO:0016208	AMP binding	11	0.476805212410382	1.1323891387341	0.308467741935484	0.941515155090435	0.941515155090435	1522	tags=27%, list=12%, signal=24%	PFKL/APRT/ACSS1
GO:0015296	anion:cation symporter activity	10	-0.502531049741765	-1.13754354075602	0.308764940239044	0.941515155090435	0.941515155090435	3251	tags=40%, list=25%, signal=30%	SLC12A5/SLC12A2/SLC12A8/SLC12A6
GO:0017070	U6 snRNA binding	16	0.420518367626468	1.09803448882482	0.31	0.941515155090435	0.941515155090435	3481	tags=31%, list=27%, signal=23%	PRPF4/METTL16/DDX39B/LARP7/RBM22
GO:0022839	ion gated channel activity	26	0.377964548417009	1.09254400269863	0.310204081632653	0.941515155090435	0.941515155090435	2963	tags=54%, list=23%, signal=42%	ASIC1/ANO6/KCNT1/KCNN3/KCNMB3/TMEM63A/KCNMA1/KCNN1/TTYH1/ANO8/ASIC2/ANO5/ANO3/CATSPER2
GO:0003714	transcription corepressor activity	155	-0.275108938890402	-1.05940506298317	0.310536044362292	0.941515155090435	0.941515155090435	2843	tags=30%, list=22%, signal=24%	SIRT1/PRMT5/NCOA5/MED1/SUFU/RCOR3/DPF2/EZH1/KDM5B/TLE1/HDAC4/DAXX/ZNF653/TCP10L/BRD7/PHF12/CNOT7/HDAC1/CBFA2T2/CTBP1/DDX54/SFMBT1/CREBBP/LIMD1/SIN3A/TBL1X/CTBP2/RUNX1T1/HDAC9/MTA1/HNRNPU/FHL2/DNMT3A/SMARCA4/SPEN/MIDEAS/TLE3/TLE4/TLE5/DMAP1/HDAC3/HIRA/PEX14/MIER2/RERE/SIN3B
GO:0005548	phospholipid transporter activity	43	0.333989261536114	1.07629766869543	0.31198347107438	0.941515155090435	0.941515155090435	1165	tags=16%, list=9%, signal=15%	ABCB1/ANO6/MFSD2A/PITPNM2/ATP11A/ATP10A/ATP8B1
GO:0031489	myosin V binding	15	0.43358865935337	1.09601842025087	0.31211498973306	0.941515155090435	0.941515155090435	1452	tags=20%, list=11%, signal=18%	RAB27B/RAB27A/RAB3B
GO:0042288	MHC class I protein binding	15	-0.443669300045734	-1.12173036144118	0.312621359223301	0.941515155090435	0.941515155090435	3433	tags=60%, list=26%, signal=44%	ATP5F1B/ABCB9/TUBB4B/TAP1/VCP/TAPBP/ATP5F1A/TAP2/PILRB
GO:0010181	FMN binding	11	-0.486698332942097	-1.1270621538477	0.314229249011858	0.941515155090435	0.941515155090435	1201	tags=27%, list=9%, signal=25%	POR/TYW1/DUS2
GO:0004601	peroxidase activity	24	-0.394995095620433	-1.10506346507713	0.315094339622642	0.941515155090435	0.941515155090435	650	tags=21%, list=5%, signal=20%	CYGB/GSTM2/MGST3/PXDN/MGST1
GO:0140657	ATP-dependent activity	367	0.239711395982223	1.0318600445786	0.315192743764172	0.941515155090435	0.941515155090435	1648	tags=18%, list=13%, signal=16%	ABCA5/RFC2/PMS2/ABCB1/DDX46/WRN/CHTF18/DNAH14/SMCHD1/CHD2/PMS1/SMARCA2/KIF16B/ABCA10/MFSD2A/RECQL/FANCM/CHD1/MYO6/ATP13A3/DHX40/ABCB7/KIF13A/TDRD9/ABCG2/ATP11A/ZGRF1/NAV2/ATAD2/ERCC6L2/KIF3A/SPATA5L1/RAD17/ATP10A/DHX57/MYO9B/MCM7/NVL/DHX16/DDX20/DHX29/CHD9/FIGNL1/CHD7/ATP8B4/SPATA5/KIFC2/KIF27/ATP8B1/DDX19B/RFC1/ATAD2B/ATP11B/KIF17/ATP9B/MORC2/AQR/TOP2B/ATP1A1/MYO18A/ACIN1/ATAD5/CHD1L/PEX1/DNHD1/LONP2/MYO10
GO:0008353	RNA polymerase II CTD heptapeptide repeat kinase activity	11	-0.48588594956027	-1.12518089290617	0.316205533596838	0.941515155090435	0.941515155090435	1443	tags=27%, list=11%, signal=24%	BRD4/CDK7/CDK12
GO:0008483	transaminase activity	16	-0.433969724203821	-1.10039817086959	0.316733067729084	0.941515155090435	0.941515155090435	3143	tags=56%, list=24%, signal=43%	ACCS/OAT/KYAT3/ABAT/PHYKPL/BCAT1/KYAT1/AMT/GFPT2
GO:0004629	phospholipase C activity	14	-0.450306593030531	-1.11791531718883	0.317399617590822	0.941515155090435	0.941515155090435	5122	tags=57%, list=39%, signal=35%	GDPD5/PLCG2/CHRM1/PLCD3/PLCH1/PLCG1/PDIA3/PLCL1
GO:0043495	protein-membrane adaptor activity	16	-0.433285758168831	-1.09866386791742	0.318725099601594	0.941515155090435	0.941515155090435	529	tags=19%, list=4%, signal=18%	LPL/SUN2/SPTBN4
GO:0043138	3'-5' DNA helicase activity	12	0.455428674054905	1.10309411996357	0.322175732217573	0.941515155090435	0.941515155090435	652	tags=33%, list=5%, signal=32%	WRN/RECQL/FANCM/NAV2
GO:0005201	extracellular matrix structural constituent	54	-0.331323337525292	-1.08644147628161	0.323076923076923	0.941515155090435	0.941515155090435	882	tags=22%, list=7%, signal=21%	AEBP1/COL25A1/IMPG2/COLQ/COL18A1/COL7A1/LAMC1/PXDN/FBN1/COL21A1/FRAS1/COL11A1
GO:0004298	threonine-type endopeptidase activity	10	0.482094495995675	1.10865634230718	0.324	0.941515155090435	0.941515155090435	3748	tags=30%, list=29%, signal=21%	TASP1/PSMA4/PSMB7
GO:0004438	phosphatidylinositol-3-phosphatase activity	17	-0.429193317592604	-1.10531614208893	0.32421875	0.941515155090435	0.941515155090435	1122	tags=24%, list=9%, signal=22%	MTMR2/MTMR11/SYNJ1/MTMR14
GO:0045504	dynein heavy chain binding	10	-0.490752130413277	-1.11088044480187	0.326693227091633	0.941515155090435	0.941515155090435	3860	tags=50%, list=29%, signal=35%	DNALI1/DNAI4/DYNC2I1/DYNC2LI1/DYNC1I2
GO:0070273	phosphatidylinositol-4-phosphate binding	20	-0.40948594346189	-1.09077170755373	0.326848249027237	0.941515155090435	0.941515155090435	2202	tags=30%, list=17%, signal=25%	SNX24/ARFIP2/PLEKHA5/GSDMB/WASHC2C/GOLPH3L
GO:0016758	hexosyltransferase activity	139	0.269244108480272	1.03973186316014	0.326963906581741	0.941515155090435	0.941515155090435	1831	tags=19%, list=14%, signal=16%	DPY19L2/POMT2/B4GALT1/C1GALT1/B4GALT2/RPN2/UGGT2/ALG1/B3GALNT1/UGCG/ALG10B/MGAT4B/GALNT1/UGGT1/DPY19L3/CSGALNACT1/PIGH/POMT1/B3GNT5/GALNT2/MGAT4C/MGAT5B/GALNT14/B4GALNT4/GALNT11/ALG6
GO:0000774	adenyl-nucleotide exchange factor activity	11	-0.477293742721604	-1.10528365782144	0.3300395256917	0.941515155090435	0.941515155090435	396	tags=36%, list=3%, signal=35%	BAG1/GRPEL1/PFN1/SIL1
GO:0032182	ubiquitin-like protein binding	106	-0.287235577535374	-1.05475226695126	0.33206106870229	0.941515155090435	0.941515155090435	2526	tags=27%, list=19%, signal=22%	MDM2/SIRT2/SOBP/RNF4/PLAA/ZFAND2B/UBXN7/SQSTM1/ASCC2/DNAJB2/HSPB1/SMARCAD1/UBXN11/USP5/N4BP1/NUP62/PML/TOM1L1/GGA2/RNFT1/TAB2/GGA3/SIMC1/PELP1/RNF31/TOM1/TDG/HGS/DCUN1D4
GO:0004869	cysteine-type endopeptidase inhibitor activity	19	-0.412103773005288	-1.08634676029896	0.335907335907336	0.941515155090435	0.941515155090435	2271	tags=26%, list=17%, signal=22%	NOL3/PTTG1/UBE2Z/GAS6/CAST
GO:0035091	phosphatidylinositol binding	210	-0.259742175049486	-1.03623348325178	0.338888888888889	0.941515155090435	0.941515155090435	2356	tags=24%, list=18%, signal=20%	FERMT2/PASK/FRMPD4/CCDC88A/PHF12/AIDA/SNX24/GBF1/ZCCHC2/ARFIP2/ESYT3/RACGAP1/LAPTM4B/MARK1/SNX4/RUBCN/PLEKHA5/WASHC2A/TOM1L1/ACTN2/IQGAP1/SNX16/TWF2/GSDMB/FLII/ATG2A/GGA2/RPH3A/PIK3C2B/KRIT1/GPAA1/ARAP1/ANKFY1/SNX32/SH3YL1/PITPNB/GGA3/EPB41/MPPE1/SLC9A1/BCAS3/DENND1A/ESYT1/TPCN1/WASHC2C/TOM1/ARAP2/ZFYVE1/ZFYVE26/GOLPH3L/HGS
GO:0016278	lysine N-methyltransferase activity	50	-0.328834155693013	-1.06093806736877	0.342307692307692	0.941515155090435	0.941515155090435	2367	tags=32%, list=18%, signal=26%	SMYD3/SETDB2/N6AMT1/VCPKMT/WDR5/CXXC1/KMT2A/KMT2B/SMYD5/ASH2L/SETMAR/SETD5/KMT2D/KMT2C/SETD1A/KMT5C
GO:0016279	protein-lysine N-methyltransferase activity	50	-0.328834155693013	-1.06093806736877	0.342307692307692	0.941515155090435	0.941515155090435	2367	tags=32%, list=18%, signal=26%	SMYD3/SETDB2/N6AMT1/VCPKMT/WDR5/CXXC1/KMT2A/KMT2B/SMYD5/ASH2L/SETMAR/SETD5/KMT2D/KMT2C/SETD1A/KMT5C
GO:0004559	alpha-mannosidase activity	14	-0.441297255521233	-1.09554905261431	0.344168260038241	0.941515155090435	0.941515155090435	1617	tags=36%, list=12%, signal=31%	MAN1C1/MAN1B1/MAN2A2/EDEM1/EDEM2
GO:0052744	phosphatidylinositol monophosphate phosphatase activity	18	-0.4184201506766	-1.09437179535285	0.346080305927342	0.941515155090435	0.941515155090435	1122	tags=22%, list=9%, signal=20%	MTMR2/MTMR11/SYNJ1/MTMR14
GO:0043175	RNA polymerase core enzyme binding	40	-0.347276453693252	-1.07678124744135	0.346820809248555	0.941515155090435	0.941515155090435	3558	tags=50%, list=27%, signal=37%	CCAR2/SCAF1/ERBB2/AGO1/GTF2B/RPRD2/ELP4/SMYD3/RPRD1B/DHX9/CTR9/MAF1/BRD4/WAC/SCAF4/HNRNPU/ELP2/RRN3/RECQL5/PAF1
GO:0050997	quaternary ammonium group binding	26	-0.380054940290347	-1.07231717407725	0.34765625	0.941515155090435	0.941515155090435	3406	tags=46%, list=26%, signal=34%	PITPNM1/SCARB2/PCYT1A/PLTP/TKT/PCYT1B/ESYT3/ILVBL/PCTP/PITPNB/HACL1/ESYT1
GO:0042605	peptide antigen binding	15	0.421077163357743	1.06439206245693	0.349075975359343	0.941515155090435	0.941515155090435	2100	tags=40%, list=16%, signal=34%	HLA-DPA1/HLA-A/HLA-C/SLC7A5/HLA-DPB1/HLA-DRB1
GO:0017154	semaphorin receptor activity	10	0.47210656251855	1.08568743084287	0.352	0.941515155090435	0.941515155090435	906	tags=30%, list=7%, signal=28%	PLXNA3/PLXNA4/NRP1
GO:0050681	androgen receptor binding	22	-0.387998047096213	-1.07000449391866	0.353383458646617	0.941515155090435	0.941515155090435	2524	tags=45%, list=19%, signal=37%	RNF14/PRMT2/NSD1/DAXX/TRIM68/FOXP1/EP300/SMARCA4/KDM3A/DDX5
GO:0004386	helicase activity	131	-0.276923066466467	-1.04795142765998	0.354838709677419	0.941515155090435	0.941515155090435	1821	tags=25%, list=14%, signal=22%	DDX50/DDX19A/EP400/DHX33/DHX34/MRE11/CHD4/DDX56/DHX9/DDX51/FBH1/DHX30/DHX8/HELZ/DDX23/SMARCA4/DDX25/DHX35/DDX31/DDX5/IGHMBP2/RECQL5/MCM4/DHX37/RFC4/ZNFX1/DNA2/RTEL1/RFC3/HELQ/DDX27/DHX38/SKIV2L
GO:0015923	mannosidase activity	15	-0.429024544996513	-1.08470398532526	0.357281553398058	0.941515155090435	0.941515155090435	1617	tags=33%, list=12%, signal=29%	MAN1C1/MAN1B1/MAN2A2/EDEM1/EDEM2
GO:0140416	transcription regulator inhibitor activity	13	0.437900262405352	1.08844152618971	0.357293868921776	0.941515155090435	0.941515155090435	3291	tags=46%, list=25%, signal=35%	NCAPG2/SMAD7/DDIT3/ID2/ID1/TAF1
GO:0016891	endoribonuclease activity, producing 5'-phosphomonoesters	27	-0.371465583784695	-1.05505291518072	0.357707509881423	0.941515155090435	0.941515155090435	3914	tags=56%, list=30%, signal=39%	POP5/APEX1/RNASEH2A/RPP38/NUDT16/POP4/ELAC2/DICER1/PRORP/AGO3/EDC3/RPP30/DBR1/DROSHA/ENDOV
GO:0071933	Arp2/3 complex binding	12	0.445474843301084	1.07898493931429	0.357740585774059	0.941515155090435	0.941515155090435	658	tags=17%, list=5%, signal=16%	AVIL/GMFG
GO:0005262	calcium channel activity	70	0.300019585346872	1.04364979118093	0.358024691358025	0.941515155090435	0.941515155090435	3061	tags=40%, list=23%, signal=31%	PKD1/TRPV1/CACNA1D/PSEN1/MCOLN1/TSPOAP1/ORAI2/TRPV3/RYR2/CACHD1/PKD2/CACNB1/ITPR2/P2RX4/MCU/TPCN2/TRPC1/SLC24A4/GRIN2A/RYR3/GPM6A/CACNB2/CNR1/SLC24A1/TRPC4/TRPM7/CATSPER2/FKBP1B
GO:0035259	glucocorticoid receptor binding	13	0.436834290285589	1.08579195408273	0.359408033826639	0.941515155090435	0.941515155090435	206	tags=15%, list=2%, signal=15%	YWHAH/TACC1
GO:0030546	signaling receptor activator activity	145	-0.27043174659959	-1.03284074462303	0.361058601134216	0.941515155090435	0.941515155090435	1616	tags=14%, list=12%, signal=13%	CXCL12/APP/HMGB2/GAS6/ALKBH1/BMP6/VEGFA/DGKQ/INHBA/NRG4/SEMA5B/MDK/JAG2/NRG2/SEMA6D/SEMA3C/VGF/FBN1/RABEP2/SEMA4B/SEMA6C
GO:0004407	histone deacetylase activity	20	-0.398768137444585	-1.06222205949526	0.361867704280156	0.941515155090435	0.941515155090435	3490	tags=50%, list=27%, signal=37%	SIRT7/SIRT3/SIRT1/HDAC4/SIRT2/HDAC1/HDAC9/SUDS3/HDAC3/MIER2
GO:0032934	sterol binding	44	-0.339248974392492	-1.06883992165219	0.362403100775194	0.941515155090435	0.941515155090435	2727	tags=34%, list=21%, signal=27%	SCARB2/OSBP2/STARD3NL/ERLIN1/OSBPL7/PTCH1/STARD5/SCP2/PROM2/ANXA6/STARD4/RORA/OSBPL10/INSIG1/GRAMD1A
GO:0016004	phospholipase activator activity	10	-0.474714840630095	-1.07457798067857	0.362549800796813	0.941515155090435	0.941515155090435	3041	tags=60%, list=23%, signal=46%	GM2A/PDPK1/PLAA/STX4/SRC/FYN
GO:0060229	lipase activator activity	10	-0.474714840630095	-1.07457798067857	0.362549800796813	0.941515155090435	0.941515155090435	3041	tags=60%, list=23%, signal=46%	GM2A/PDPK1/PLAA/STX4/SRC/FYN
GO:0015035	protein-disulfide reductase activity	31	0.354196864701879	1.04986709544716	0.365904365904366	0.941515155090435	0.941515155090435	1496	tags=23%, list=11%, signal=20%	GLRX/QSOX1/TXNRD2/GFER/TXNRD1/ERO1A/GLRX3
GO:0016896	exoribonuclease activity, producing 5'-phosphomonoesters	36	-0.346538668701484	-1.05024649218107	0.366279069767442	0.941515155090435	0.941515155090435	3052	tags=39%, list=23%, signal=30%	DIS3L2/ISG20L2/REXO2/DIS3L/EXOSC10/TOE1/CNOT7/PAN2/USB1/EXOSC5/CNOT8/EXD2/CNOT2/EXOSC7
GO:0140223	general transcription initiation factor activity	41	-0.339315718040988	-1.05816342618163	0.367307692307692	0.941515155090435	0.941515155090435	2287	tags=39%, list=17%, signal=32%	TBP/TBPL1/UBTF/GTF2A2/GTF2H3/GTF2B/GTF2E1/TAF6/GTF2H4/TAF4/TAF4B/SNAPC2/TAF1C/RRN3/SNAPC4/GTF2H2
GO:0016409	palmitoyltransferase activity	35	0.342830601937821	1.05005304456436	0.369387755102041	0.941515155090435	0.941515155090435	1263	tags=20%, list=10%, signal=18%	ZDHHC11B/LRAT/ZDHHC15/CPT1B/ZDHHC6/ZDHHC7/ZDHHC3
GO:0031683	G-protein beta/gamma-subunit complex binding	15	0.415793659220069	1.0510365059094	0.371663244353183	0.941515155090435	0.941515155090435	1114	tags=13%, list=8%, signal=12%	GNAI2/GNA14
GO:0052742	phosphatidylinositol kinase activity	15	0.416400413621014	1.05257024989846	0.371663244353183	0.941515155090435	0.941515155090435	1283	tags=20%, list=10%, signal=18%	PI4KA/PIK3R3/ATM
GO:0016614	oxidoreductase activity, acting on CH-OH group of donors	86	-0.290379559745677	-1.03026783177772	0.373333333333333	0.941515155090435	0.941515155090435	2090	tags=27%, list=16%, signal=23%	IDH1/IDH3A/DHRS7B/CTBP1/CYP4F3/DHRS11/D2HGDH/AKR1E2/IMPDH1/RDH11/AKR1B1/CTBP2/MDH1/RDH16/FASN/GFUS/CRYL1/VKORC1L1/ADHFE1/HSD17B7/DHRS4/BDH1/DCXR
GO:0019207	kinase regulator activity	180	0.256554944366114	1.01979239122903	0.373362445414847	0.941515155090435	0.941515155090435	3279	tags=29%, list=25%, signal=22%	HYAL2/CCNB1/NCAPG2/PIK3R2/PIK3R3/MALT1/HMGB1/GMFG/CAB39/PRKAR2A/ETAA1/DAB2IP/CCNC/MAP2K6/SPRED1/KIDINS220/CCND1/DUSP19/CCNG1/WNK1/PIK3R1/CCNJL/DBF4/TAL1/MOB2/CCNA1/PRKAR1A/MT3/CCNT2/CCNL1/CD24/INKA2/ANKRD54/CEP43/ITPRIP/BMPR1A/MNAT1/CIT/AGAP2/MAPK8IP1/SOCS7/CCNQ/ALS2/TRIB1/CCNT1/IBTK/CAMK2N1/MBIP/STRADA/CCNK/LRP6/PRKAG1/CCNH
GO:0008094	ATP-dependent activity, acting on DNA	90	0.28549104781045	1.03433020287041	0.373417721518987	0.941515155090435	0.941515155090435	1813	tags=23%, list=14%, signal=20%	RFC2/WRN/CHTF18/CHD2/SMARCA2/RECQL/FANCM/CHD1/NAV2/ERCC6L2/RAD17/MCM7/CHD9/CHD7/RFC1/TOP2B/MYO18A/ATAD5/CHD1L/SMC3/SETX
GO:0047485	protein N-terminus binding	99	-0.283501786641496	-1.03453192429855	0.373584905660377	0.941515155090435	0.941515155090435	3266	tags=31%, list=25%, signal=24%	HSPA1B/MAU2/NCOR2/GTF2H3/SMARCE1/ALG2/TSC1/DCTN4/MDM2/DAXX/GAD1/PIAS3/SRRM2/CALM2/HDAC1/ERCC3/SGF29/ACOX1/ERCC2/ERCC4/PEX5/STXBP1/LRP8/SMARCA4/CSNK2A2/NBN/CHMP6/EPB41/PELP1/PEX14/GTF2H2
GO:0005251	delayed rectifier potassium channel activity	21	0.381807604688426	1.05069540190245	0.377870563674322	0.941515155090435	0.941515155090435	1443	tags=14%, list=11%, signal=13%	KCNQ5/KCNE3/KCNH1
GO:0106018	phosphatidylinositol-3,5-bisphosphate phosphatase activity	13	-0.435539957158437	-1.0642887191154	0.378071833648393	0.941515155090435	0.941515155090435	1122	tags=23%, list=9%, signal=21%	MTMR2/SYNJ1/MTMR14
GO:0005198	structural molecule activity	399	-0.236855416841451	-1.01365656575925	0.378228782287823	0.941515155090435	0.941515155090435	1999	tags=17%, list=15%, signal=15%	SPON1/TNXB/ODF2/SEPTIN7/ACTR2/GFAP/YEATS4/NUP107/NUP62/NUP98/THSD4/MRPL4/CTNNA2/NUP88/ACTN2/CTBP2/UBA52/DAG1/MRPL11/VIM/MPZ/POM121/MYL6/AEBP1/PSMD13/KLHL3/SPTB/CRYAB/SPTBN1/COL25A1/NUP85/COPG2/CROCC/COPG1/UPF3A/RPS26/TLN2/NPAP1/TCAP/IMPG2/COLQ/TUBB4A/RPSA/EPB41L1/NPHP1/EPB41/COL18A1/MRPL23/NUP214/COL7A1/BGLAP/MYL5/SEC31B/ARPC4/MRPS2/LAMC1/TUBGCP4/PXDN/FBN1/COL21A1/MRPL43/TUBG1/FRAS1/COL11A1/SPTBN4/RPL7A/TUBA1C/RPS28
GO:0034061	DNA polymerase activity	25	-0.375258276785892	-1.05142322658171	0.378378378378378	0.941515155090435	0.941515155090435	1863	tags=40%, list=14%, signal=34%	REV3L/POLG/TERF2/TENT4B/POLD3/DKC1/POLA1/POLN/POLH/POLL
GO:0030742	GTP-dependent protein binding	18	0.385752421893673	1.03345015285518	0.379958246346555	0.941515155090435	0.941515155090435	1865	tags=22%, list=14%, signal=19%	EEA1/GCH1/AP3B1/DNM1L
GO:0043274	phospholipase binding	15	-0.419277532247014	-1.06006058508697	0.380582524271845	0.941515155090435	0.941515155090435	1411	tags=40%, list=11%, signal=36%	PRKN/PDPK1/STXBP1/DGKQ/SRC/FYN
GO:0003678	DNA helicase activity	57	0.313249791402466	1.04238504279778	0.380753138075314	0.941515155090435	0.941515155090435	1024	tags=19%, list=8%, signal=18%	RFC2/WRN/CHTF18/CHD2/RECQL/FANCM/CHD1/NAV2/MCM7/CHD9/CHD7
GO:0016779	nucleotidyltransferase activity	112	-0.276274328172077	-1.02239593499394	0.381578947368421	0.941515155090435	0.941515155090435	2074	tags=27%, list=16%, signal=23%	PCYT1B/FLAD1/PCYT2/OAS3/GDPGP1/TUT1/REV3L/RMRP/POLG/TERF2/TENT4B/NANS/POLR2A/POLD3/POLR3G/THG1L/DKC1/POLA1/POLR1B/NMNAT1/POLR1C/POLN/POLR1D/RPAP1/POLH/POLL/TUT4/POLR3A/POLR2J2/GALT
GO:0004623	phospholipase A2 activity	14	-0.430851444212789	-1.06961664868573	0.384321223709369	0.941515155090435	0.941515155090435	1946	tags=29%, list=15%, signal=24%	PLA2G4C/PLA2G4B/PLA2G15/PLA2G6
GO:0016849	phosphorus-oxygen lyase activity	16	0.397038486309226	1.03672511100771	0.386	0.941515155090435	0.941515155090435	1415	tags=31%, list=11%, signal=28%	RNASET2/GUCY1A1/GUCY1A2/ADCY6/TKFC
GO:0034452	dynactin binding	11	0.446744549931958	1.06099653058363	0.387096774193548	0.941515155090435	0.941515155090435	2351	tags=36%, list=18%, signal=30%	HTT/MAPT/HOOK3/SNX5
GO:0008106	alcohol dehydrogenase (NADP+) activity	12	-0.44151426473738	-1.06108487926025	0.389312977099237	0.941515155090435	0.941515155090435	2570	tags=42%, list=20%, signal=34%	AKR1C1/AKR1E2/RDH11/AKR1B1/DHRS4
GO:0016684	oxidoreductase activity, acting on peroxide as acceptor	28	-0.365626858485178	-1.0439006297158	0.389328063241107	0.941515155090435	0.941515155090435	650	tags=18%, list=5%, signal=17%	CYGB/GSTM2/MGST3/PXDN/MGST1
GO:0140359	ABC-type transporter activity	33	-0.350478511089274	-1.04158887231112	0.38953488372093	0.941515155090435	0.941515155090435	1915	tags=39%, list=15%, signal=34%	ABCB10/TAPBP/ABCA2/ABCB8/ABCD3/ATP13A1/ABCB6/ABCG4/ABCC10/TAP2/ABCC8/ABCC1/ABCD4
GO:0071889	14-3-3 protein binding	29	-0.362955490046647	-1.04552135867466	0.390196078431373	0.941515155090435	0.941515155090435	1423	tags=24%, list=11%, signal=22%	FOXK1/HLA-F/TBC1D22A/RPTOR/RIPOR1/KSR1/PI4KB
GO:0061135	endopeptidase regulator activity	67	-0.30166118289263	-1.0342252092133	0.390566037735849	0.941515155090435	0.941515155090435	2300	tags=24%, list=18%, signal=20%	WFIKKN1/NOL3/APH1B/PTTG1/SPOCK2/SPINT2/ABCA2/USP14/UBE2Z/APP/GAS6/PSME3/UCHL5/COL7A1/ITIH4/CAST
GO:0005200	structural constituent of cytoskeleton	67	-0.301521368040787	-1.03374586333587	0.392452830188679	0.941515155090435	0.941515155090435	1884	tags=24%, list=14%, signal=21%	ACTR2/GFAP/YEATS4/CTNNA2/VIM/SPTB/SPTBN1/CROCC/TLN2/TUBB4A/EPB41/ARPC4/TUBGCP4/TUBG1/SPTBN4/TUBA1C
GO:0017046	peptide hormone binding	23	-0.37563120571518	-1.03887207387116	0.394686907020873	0.941515155090435	0.941515155090435	1713	tags=22%, list=13%, signal=19%	IDE/ECE1/INHBA/IGF1R/NPR2
GO:0004532	exoribonuclease activity	37	-0.343060274813197	-1.04280726483493	0.395303326810176	0.941515155090435	0.941515155090435	3052	tags=38%, list=23%, signal=29%	DIS3L2/ISG20L2/REXO2/DIS3L/EXOSC10/TOE1/CNOT7/PAN2/USB1/EXOSC5/CNOT8/EXD2/CNOT2/EXOSC7
GO:0017056	structural constituent of nuclear pore	24	-0.374853446091309	-1.04871390208809	0.39622641509434	0.941515155090435	0.941515155090435	1826	tags=38%, list=14%, signal=32%	NUP107/NUP62/NUP98/NUP88/POM121/NUP85/UPF3A/NPAP1/NUP214
GO:0016790	thiolester hydrolase activity	33	-0.347231116292404	-1.0319379231733	0.397286821705426	0.941515155090435	0.941515155090435	3487	tags=52%, list=27%, signal=38%	LYPLA2/PPT1/ACOT7/BAAT/ABHD17B/PNKD/HAGH/ACOT2/PPT2/ACOT1/ACOT8/HIBCH/ABCD3/ABHD17C/FASN/ABHD16A/PLA2G6
GO:0004596	peptide alpha-N-acetyltransferase activity	10	0.458015454747004	1.0532825887822	0.398	0.941515155090435	0.941515155090435	1842	tags=40%, list=14%, signal=34%	NAA16/NAA25/NAA20/NAA15
GO:0140666	annealing activity	10	0.456933642818471	1.05079478262445	0.398	0.941515155090435	0.941515155090435	342	tags=10%, list=3%, signal=10%	RECQL
GO:0000993	RNA polymerase II complex binding	35	-0.346270543747416	-1.0359157901545	0.3984375	0.941515155090435	0.941515155090435	3558	tags=49%, list=27%, signal=35%	CCAR2/SCAF1/AGO1/GTF2B/RPRD2/ELP4/SMYD3/RPRD1B/DHX9/CTR9/BRD4/WAC/SCAF4/HNRNPU/ELP2/RECQL5/PAF1
GO:0003785	actin monomer binding	18	0.378373451355645	1.01368151940628	0.39874739039666	0.941515155090435	0.941515155090435	1308	tags=17%, list=10%, signal=15%	MRTFA/ABITRAM/ABL1
GO:0032452	histone demethylase activity	25	-0.368300817274302	-1.03192936067383	0.3996138996139	0.941515155090435	0.941515155090435	2995	tags=52%, list=23%, signal=40%	RIOX2/KDM4B/KDM5B/KDM4A/KDM3B/JMJD6/KDM5C/KDM3A/PHF8/KDM6B/KDM8/KDM2B/PHF2
GO:0140457	protein demethylase activity	25	-0.368300817274302	-1.03192936067383	0.3996138996139	0.941515155090435	0.941515155090435	2995	tags=52%, list=23%, signal=40%	RIOX2/KDM4B/KDM5B/KDM4A/KDM3B/JMJD6/KDM5C/KDM3A/PHF8/KDM6B/KDM8/KDM2B/PHF2
GO:0016675	oxidoreductase activity, acting on a heme group of donors	16	0.392836345517485	1.02575271153258	0.402	0.941515155090435	0.941515155090435	529	tags=12%, list=4%, signal=12%	SURF1/COX7A1
GO:0030374	nuclear receptor coactivator activity	54	0.31311097117983	1.02911509774761	0.402489626556017	0.941515155090435	0.941515155090435	2572	tags=30%, list=20%, signal=24%	TACC1/MED17/CCAR1/CCDC62/NCOA3/PPARGC1B/MED14/MED13/TRERF1/TMF1/ELK1/PRKCB/SRA1/PKN1/KDM1A/DCAF6
GO:0019104	DNA N-glycosylase activity	12	-0.4299736087338	-1.03334938675147	0.402671755725191	0.941515155090435	0.941515155090435	1981	tags=33%, list=15%, signal=28%	NEIL1/SMUG1/MUTYH/TDG
GO:0030414	peptidase inhibitor activity	57	-0.310009399783061	-1.03010080587672	0.402671755725191	0.941515155090435	0.941515155090435	2300	tags=25%, list=18%, signal=20%	WFIKKN1/NOL3/PTTG1/SPOCK2/SPINT2/USP14/UBE2Z/APP/GAS6/UCHL5/SIMC1/COL7A1/ITIH4/CAST
GO:0032977	membrane insertase activity	14	-0.42333000581326	-1.05094419013357	0.403441682600382	0.941515155090435	0.941515155090435	3309	tags=57%, list=25%, signal=43%	EMC3/TIMM9/EMC9/EMC7/COX18/EMC8/OXA1L/EMC10
GO:0042171	lysophosphatidic acid acyltransferase activity	18	-0.396886447083925	-1.03805070798838	0.403441682600382	0.941515155090435	0.941515155090435	3700	tags=50%, list=28%, signal=36%	AGPAT5/GPAT4/AGPAT1/LPCAT3/TAFAZZIN/ABHD4/LPCAT1/LCLAT1/MBOAT7
GO:0071617	lysophospholipid acyltransferase activity	18	-0.396886447083925	-1.03805070798838	0.403441682600382	0.941515155090435	0.941515155090435	3700	tags=50%, list=28%, signal=36%	AGPAT5/GPAT4/AGPAT1/LPCAT3/TAFAZZIN/ABHD4/LPCAT1/LCLAT1/MBOAT7
GO:0008174	mRNA methyltransferase activity	12	0.432070223987484	1.04651760120505	0.403765690376569	0.941515155090435	0.941515155090435	3180	tags=50%, list=24%, signal=38%	NSUN2/PCIF1/METTL8/METTL14/METTL16/CMTR2
GO:0070034	telomerase RNA binding	21	0.373280903736499	1.02723079466683	0.405010438413361	0.941515155090435	0.941515155090435	1691	tags=29%, list=13%, signal=25%	GAR1/HNRNPC/SNRPB/XRN1/DCP2/PARN
GO:0001221	transcription coregulator binding	68	-0.29758257518962	-1.02214964997541	0.40607210626186	0.941515155090435	0.941515155090435	2477	tags=28%, list=19%, signal=23%	CHD6/AHR/PHF12/CTBP1/STAT1/CREBBP/NR1D1/CHD4/EP300/CTBP2/SMARCA4/RORA/ZNF644/HDAC3/BAIAP2/CNOT2/UBE2I/ZNF618/ZBTB17
GO:0008022	protein C-terminus binding	163	-0.260556965913804	-1.00985266929649	0.406193078324226	0.941515155090435	0.941515155090435	2396	tags=26%, list=18%, signal=22%	PICK1/CACNA1B/FN1/PEX16/PIAS3/RABAC1/ERCC3/TRIM3/KPNA3/ERCC2/CTBP1/NEIL1/YEATS4/TERF2/MDC1/MRE11/ERCC4/BCL10/EP300/RAB3A/TBL1X/FIGN/POLR2A/VAMP2/ATXN2/SCAF4/CNRIP1/DYNLT1/MPDZ/EML2/EFHC1/AP2A1/MAD2L1/IFT46/KSR1/SYNJ1/SRC/EPB41/CEP250/CDK7/BAIAP2/RBFOX1/MED12
GO:0005217	intracellular ligand-gated ion channel activity	19	0.381706954137882	1.0382024679796	0.40702479338843	0.941515155090435	0.941515155090435	2656	tags=47%, list=20%, signal=38%	AQP1/TRPV1/MCOLN1/RYR2/PKD2/ITPR2/TPCN2/RYR3/CNGA3
GO:0004888	transmembrane signaling receptor activity	405	0.230782433236108	1.00379025657087	0.407158836689038	0.941515155090435	0.941515155090435	2592	tags=20%, list=20%, signal=17%	HLA-DPA1/PKD1/GABRA5/PLXNA3/OR14I1/GRIA4/M6PR/TNFRSF14/CD14/ACKR1/ADGRL2/PLXNA4/TLR5/TRPV1/ADGRV1/GABRA2/GPR85/FGFR3/PTPRB/IL11RA/NPY1R/CD74/GABRA4/EPHB6/TNK2/PTPRO/GRIK4/IL10RA/VIPR1/NRP1/DYRK4/LPAR6/NTRK3/MAP2K6/IL1RAP/TAS2R43/B9D1/MATK/TGFBR3/ABL1/PTPRG/TYK2/CTSH/TLR6/ACVR1/ADGRG1/DCC/EPHA4/PTGDR2/PPARG/PTPRZ1/TMEM63A/ACVR1C/LTBP4/STK16/ACKR2/JAK2/GPR179/PLXNA1/HLA-DRB1/ADGRB3/INTS6/PTK2/MAP2K7/IL6ST/ZNF219/P2RX4/PTPRN2/GRIK2/GPR26/SORCS2/TNFRSF10B/P2RX6/GRIN2A/SIGMAR1/PTPRD/GRM7/BMPR1A/MC1R/BAZ1B/ANTXR1/PTPRT
GO:1904680	peptide transmembrane transporter activity	12	-0.429209088658075	-1.03151202665456	0.408396946564886	0.941515155090435	0.941515155090435	3095	tags=50%, list=24%, signal=38%	ABCB9/TAP1/SLC13A3/TAPBP/TAP2/ABCC1
GO:0061134	peptidase regulator activity	88	-0.285622395629954	-1.01706089105637	0.41254752851711	0.941515155090435	0.941515155090435	2368	tags=24%, list=18%, signal=20%	FN1/VCP/WFIKKN1/BCL2L13/NOL3/APH1B/PTTG1/SPOCK2/SPINT2/ABCA2/USP14/UBE2Z/APP/GAS6/PSME3/UCHL5/SIMC1/COL7A1/ITIH4/EBAG9/CAST
GO:0030983	mismatched DNA binding	12	0.426507670183883	1.03304453562466	0.414225941422594	0.941515155090435	0.941515155090435	1172	tags=25%, list=9%, signal=23%	PMS2/PMS1/APTX
GO:0140597	protein carrier activity	18	-0.392030399980512	-1.02534978768546	0.41491395793499	0.941515155090435	0.941515155090435	3309	tags=50%, list=25%, signal=37%	EMC3/TIMM9/EMC9/EMC7/COX18/EMC8/CLU/OXA1L/EMC10
GO:0015215	nucleotide transmembrane transporter activity	22	-0.369799360366535	-1.01981693052779	0.415413533834586	0.941515155090435	0.941515155090435	361	tags=32%, list=3%, signal=31%	SLC25A33/LRRC8A/SLC25A19/SLC25A42/SLC25A36/SLC25A17/SLC25A23
GO:0033558	protein deacetylase activity	21	-0.382268702126977	-1.03601298618784	0.416826003824092	0.941515155090435	0.941515155090435	3490	tags=48%, list=27%, signal=35%	SIRT7/SIRT3/SIRT1/HDAC4/SIRT2/HDAC1/HDAC9/SUDS3/HDAC3/MIER2
GO:0016747	acyltransferase activity, transferring groups other than amino-acyl groups	163	-0.259210605307075	-1.00463451729748	0.41712204007286	0.941515155090435	0.941515155090435	3729	tags=42%, list=28%, signal=30%	NAA30/KAT8/AGPAT5/GTF3C4/GPAT4/NAA50/ZDHHC9/USP22/SIRT7/CRAT/BAAT/TADA2A/ZDHHC13/CERS6/SMARCE1/TLCD3B/AGPAT1/LPCAT3/KAT2A/TGM2/ACAA1/GTF2B/ZDHHC16/SIRT1/KAT7/SRCAP/ZDHHC17/TAFAZZIN/ELOVL4/HAT1/PORCN/ZDHHC2/CPT1C/ALAS1/ATAT1/EPC1/KAT5/ELP3/ABHD4/SCP2/PLA2G4C/CREBBP/CERS4/ZDHHC21/GNPAT/ELOVL6/DLST/EP300/ZDHHC5/LPCAT1/PNPLA2/ELOVL1/MED24/NMT2/DGAT2/SPTLC1/LCLAT1/ZDHHC8/MBOAT7/NAT10/FASN/NAT9/NAA60/ZDHHC14/DGAT1/PLA2G15/ELOVL5/ZDHHC11
GO:0035064	methylated histone binding	64	-0.298964788996967	-1.01450186134171	0.418691588785047	0.941515155090435	0.941515155090435	2132	tags=25%, list=16%, signal=21%	MBTD1/SGF29/KMT2E/WDR5/ING3/CXXC1/L3MBTL1/ING5/TDRD3/LRWD1/PHF8/L3MBTL2/TP53BP1/KDM8/NCAPD3/PHF2
GO:0140034	methylation-dependent protein binding	64	-0.298964788996967	-1.01450186134171	0.418691588785047	0.941515155090435	0.941515155090435	2132	tags=25%, list=16%, signal=21%	MBTD1/SGF29/KMT2E/WDR5/ING3/CXXC1/L3MBTL1/ING5/TDRD3/LRWD1/PHF8/L3MBTL2/TP53BP1/KDM8/NCAPD3/PHF2
GO:0008139	nuclear localization sequence binding	23	-0.370034173592813	-1.02339252829555	0.419354838709677	0.941515155090435	0.941515155090435	3011	tags=39%, list=23%, signal=30%	POM121C/NOLC1/TNPO1/KPNA6/KPNA3/NUP98/POM121/NPAP1/NUP214
GO:0045505	dynein intermediate chain binding	23	-0.370333754514465	-1.02422107035658	0.419354838709677	0.941515155090435	0.941515155090435	1250	tags=22%, list=10%, signal=20%	DYNLT1/DNAH7/DYNC2H1/DNAH6/DNAH1
GO:0005242	inward rectifier potassium channel activity	16	0.388372806629141	1.01409776368981	0.42	0.941515155090435	0.941515155090435	1829	tags=25%, list=14%, signal=22%	KCNK1/KCNN3/KCNN1/KCNK6
GO:0030020	extracellular matrix structural constituent conferring tensile strength	14	-0.419834825845714	-1.04226717922028	0.420650095602294	0.941515155090435	0.941515155090435	882	tags=36%, list=7%, signal=33%	COL25A1/COL18A1/COL7A1/COL21A1/COL11A1
GO:0030506	ankyrin binding	11	-0.441957461316982	-1.02345435467156	0.420948616600791	0.941515155090435	0.941515155090435	1033	tags=27%, list=8%, signal=25%	SPTB/SPTBN1/SPTBN4
GO:0005338	nucleotide-sugar transmembrane transporter activity	10	-0.458014959320649	-1.03677565557903	0.424302788844622	0.941515155090435	0.941515155090435	2230	tags=50%, list=17%, signal=42%	SLC35B1/SLC35C1/SLC35E3/SLC35B4/SLC35A5
GO:0033218	amide binding	262	-0.243962692627753	-1.00734580270269	0.425182481751825	0.941515155090435	0.941515155090435	2489	tags=22%, list=19%, signal=18%	SORL1/SRP54/THOP1/ACBD6/FKBP5/CACNA1B/GSTM2/NLN/ATP1A3/ALDH6A1/CLU/ACACB/KPNA3/AP2B1/SCP2/LAPTM4B/TAPBP/NUP98/IDE/SLC7A8/NKTR/SEC61A1/PEX5/PCSK5/ECE1/GSTM4/PC/POM121/LRP8/DHCR24/INHBA/FASN/HLA-F/CRYAB/EPHB2/IGF1R/NPEPPS/COL25A1/CPTP/APBB2/PFDN4/RPS6KB2/LRP1/NPAP1/ACADVL/NPR2/GSTM3/ERAP1/GRIN1/UROS/TAP2/NUP214/MCCC1/APBB3/CACNA1A/MGST1/OPRK1/CEMIP
GO:0022840	leak channel activity	10	0.445117174314367	1.02362085124884	0.426	0.941515155090435	0.941515155090435	1829	tags=50%, list=14%, signal=43%	KCNK4/TMEM175/KCNK1/KCNK10/KCNK6
GO:0022842	narrow pore channel activity	10	0.445117174314367	1.02362085124884	0.426	0.941515155090435	0.941515155090435	1829	tags=50%, list=14%, signal=43%	KCNK4/TMEM175/KCNK1/KCNK10/KCNK6
GO:0090482	vitamin transmembrane transporter activity	18	-0.388747916176564	-1.01676449921899	0.4282982791587	0.941515155090435	0.941515155090435	1193	tags=39%, list=9%, signal=35%	SLC23A2/SLC2A3/SLC25A19/SLC52A2/SLC2A6/ABCC1/ABCD4
GO:0044389	ubiquitin-like protein ligase binding	271	0.242142336252636	1.00324996238083	0.430155210643016	0.941515155090435	0.941515155090435	1865	tags=15%, list=14%, signal=13%	HERC2/SMC6/ABCB1/LAPTM5/CCNB1/TNFRSF14/SPOPL/FBXW7/CASP10/AMBRA1/TPI1/RNF8/PIAS2/YWHAZ/TNK2/PRKAR2A/ARRB2/USP13/RIPK1/PER1/UBE2J2/SLF1/SMAD7/SPART/RB1/TANK/SUMO4/BLZF1/WASHC1/USP25/ARRDC1/TRIP4/AXIN1/HDAC6/DIO2/NEK6/VCL/CUL3/PER3/RELA/DNM1L
GO:0005001	transmembrane receptor protein tyrosine phosphatase activity	13	0.413222438986204	1.02710251799219	0.431289640591966	0.941515155090435	0.941515155090435	2592	tags=54%, list=20%, signal=43%	PTPRB/PTPRO/PTPRG/PTPRZ1/PTPRN2/PTPRD/PTPRT
GO:0019198	transmembrane receptor protein phosphatase activity	13	0.413222438986204	1.02710251799219	0.431289640591966	0.941515155090435	0.941515155090435	2592	tags=54%, list=20%, signal=43%	PTPRB/PTPRO/PTPRG/PTPRZ1/PTPRN2/PTPRD/PTPRT
GO:0005540	hyaluronic acid binding	10	-0.456871934351281	-1.03418827183131	0.432270916334661	0.941515155090435	0.941515155090435	672	tags=20%, list=5%, signal=19%	IMPG2/CEMIP
GO:0031369	translation initiation factor binding	28	-0.355963596456009	-1.01631106652247	0.432806324110672	0.941515155090435	0.941515155090435	2254	tags=25%, list=17%, signal=21%	EIF2B4/CELF1/EIF3M/EIF4EBP2/EIF3C/EIF3F/GLE1
GO:0047372	acylglycerol lipase activity	10	-0.455620557123932	-1.03135561883852	0.434262948207171	0.941515155090435	0.941515155090435	3711	tags=60%, list=28%, signal=43%	FAAH/ABHD3/DAGLA/ABHD6/DAGLB/ABHD16A
GO:0016893	endonuclease activity, active with either ribo- or deoxyribonucleic acids and producing 5'-phosphomonoesters	35	-0.336409591486509	-1.00641539996109	0.435546875	0.941515155090435	0.941515155090435	3914	tags=54%, list=30%, signal=38%	POP5/DNASE1/APEX1/RNASEH2A/RPP38/NUDT16/POP4/ELAC2/DICER1/GEN1/PRORP/AGO3/EDC3/RPP30/DBR1/DROSHA/FAN1/DNA2/ENDOV
GO:0015399	primary active transmembrane transporter activity	141	-0.263989145126186	-1.00325242558469	0.435946462715105	0.941515155090435	0.941515155090435	1915	tags=18%, list=15%, signal=15%	ABCB10/TAPBP/CYB5A/ABCA2/NDUFA10/COX15/ATP2B3/ABCB8/CYB561D1/ABCD3/NDUFC1/ATP13A1/NDUFS3/ABCB6/SLC26A6/ABCG4/ATP7B/CLCN6/CLCN7/ABCC10/TAP2/ABCC8/ABCC1/NDUFB2/ABCD4
GO:0003924	GTPase activity	259	0.241745002732292	1.00036740941521	0.436681222707424	0.941515155090435	0.941515155090435	2984	tags=22%, list=23%, signal=18%	TUBG2/SEPTIN11/RABL2A/RAB24/RASL10A/RABL2B/RAB27B/RGS6/GBP4/RASL12/TUBE1/ENTPD4/ENTPD7/RAB27A/EFL1/GCH1/CPLANE2/GNAI2/RASL10B/GNA14/RIT2/LSG1/RGS2/DNM1/RAB39A/RAP1A/RGS14/RAB3B/GNB3/EIF5B/KRAS/RAB40C/RGS12/ARL16/LRRK2/DNM1L/DRG2/ARL5A/RND3/GNB1/MFN1/RRAGB/SEPTIN2/ATL3/DNAJC27/OPA1/AGAP2/SEPTIN5/NKIRAS2/RIT1/GNL2/ARL13B/GPN2/ARL10/RRAS2/RHOQ/GPN1/RAB15
GO:0001216	DNA-binding transcription activator activity	252	-0.24484098162399	-1.0066078436565	0.437158469945355	0.941515155090435	0.941515155090435	1972	tags=15%, list=15%, signal=13%	FOSB/ZFAT/NKRF/ZNF227/ZNF76/RXRB/ATF1/HSF2/PRDM15/ZNF780B/ZNF143/ZNF33B/EP300/ZSCAN21/UBP1/E4F1/ATF6B/E2F5/ARNT2/CSRNP3/GMEB1/NFIB/CARF/STAT3/ZNF836/NR4A3/GABPA/NR4A2/MEF2D/ZNF658/MLXIP/PRDM4/IRF3/NFAT5/NFKB1/PLAGL1/ZBTB17/GTF2I
GO:0019211	phosphatase activator activity	20	-0.382221245706684	-1.01814513416037	0.437743190661479	0.941515155090435	0.941515155090435	2725	tags=30%, list=21%, signal=24%	PTPA/CALM2/PPP2R5A/PHACTR4/PPP2R5B/IGFBP3
GO:0004683	calmodulin-dependent protein kinase activity	25	0.351805551511672	1.00401287421401	0.43801652892562	0.941515155090435	0.941515155090435	2758	tags=36%, list=21%, signal=28%	DAPK1/MKNK1/ITPKA/CAMK1D/CAMK2A/PHKG2/PHKA1/CAMK1/CAMKK2
GO:0140658	ATP-dependent chromatin remodeler activity	30	0.341287790731167	1.00474438321317	0.438155136268344	0.941515155090435	0.941515155090435	2488	tags=33%, list=19%, signal=27%	CHD2/SMARCA2/CHD1/ERCC6L2/CHD9/CHD7/CHD1L/SHPRH/CHD5/CHD3
GO:0035591	signaling adaptor activity	67	0.295143513377444	1.0161259278173	0.438559322033898	0.941515155090435	0.941515155090435	1787	tags=24%, list=14%, signal=21%	GRB10/SHANK3/DLG5/MAGI2/MPP7/HOMER1/DAB2IP/AKAP13/NCK2/DUSP19/RGS14/AXIN1/GNB3/PIK3R1/PAG1/LRRK2
GO:0043539	protein serine/threonine kinase activator activity	39	0.32171477204343	1.00705784488228	0.438669438669439	0.941515155090435	0.941515155090435	3187	tags=33%, list=24%, signal=25%	CCNB1/CAB39/ETAA1/DAB2IP/MAP2K6/DBF4/CCNT2/BMPR1A/MNAT1/ALS2/CCNT1/STRADA/CCNK
GO:0070300	phosphatidic acid binding	17	0.379707123075319	1.00083609965465	0.438775510204082	0.941515155090435	0.941515155090435	4042	tags=47%, list=31%, signal=33%	MICALL1/RAPGEF2/SESTD1/OPA1/RAPGEF6/SMPD3/PACSIN2/PITPNC1
GO:0019992	diacylglycerol binding	12	-0.419378435535855	-1.00788615946442	0.438931297709924	0.941515155090435	0.941515155090435	1373	tags=33%, list=10%, signal=30%	CHPT1/UNC13B/CDIPT/RASGRP2
GO:0070530	K63-linked polyubiquitin modification-dependent protein binding	20	-0.381022770503442	-1.01495268551891	0.439688715953307	0.941515155090435	0.941515155090435	669	tags=20%, list=5%, signal=19%	SQSTM1/TAB2/RNF31/RNF169
GO:0003688	DNA replication origin binding	11	-0.436377895580911	-1.01053358434959	0.440711462450593	0.941515155090435	0.941515155090435	1941	tags=64%, list=15%, signal=54%	ORC4/KAT7/ORC5/GRWD1/DHX9/ORC3/POLA1
GO:0016782	transferase activity, transferring sulphur-containing groups	41	0.317208202067532	1.00733084122506	0.443983402489627	0.941515155090435	0.941515155090435	1781	tags=17%, list=14%, signal=15%	CHST6/CTU2/SULT1A1/WSCD1/UST/MOCS2/GAL3ST4
GO:0016651	oxidoreductase activity, acting on NAD(P)H	69	-0.293243497400758	-1.00641789131482	0.446153846153846	0.941515155090435	0.941515155090435	2078	tags=17%, list=16%, signal=15%	CYB5R1/NNT/NDUFA10/COX15/POR/NDUFC1/NDUFS3/GMPR2/DHRS4/AIFM2/DCXR/NDUFB2
GO:0015085	calcium ion transmembrane transporter activity	84	0.280787144008627	1.00358192972263	0.446540880503145	0.941515155090435	0.941515155090435	3061	tags=37%, list=23%, signal=28%	PKD1/TRPV1/CACNA1D/PSEN1/MCOLN1/TSPOAP1/LETM1/ORAI2/TRPV3/RYR2/CACHD1/PKD2/CACNB1/ITPR2/P2RX4/MCU/TPCN2/TRPC1/SLC24A4/GRIN2A/RYR3/GPM6A/SLC8A1/CACNB2/CNR1/SLC24A1/TRPC4/TRPM7/SLC8B1/CATSPER2/FKBP1B
GO:0019905	syntaxin binding	66	0.293919088842456	1.01112340067856	0.446764091858038	0.941515155090435	0.941515155090435	1308	tags=18%, list=10%, signal=16%	CPLX2/SYT6/STXBP4/DAPK1/SNAP29/PTPN2/SYT7/SNAP47/SYT1/UNC13C/SEC22B/ABL1
GO:0022843	voltage-gated cation channel activity	94	0.274492922890856	0.99710284442964	0.448717948717949	0.941515155090435	0.941515155090435	2588	tags=24%, list=20%, signal=20%	TRPV1/CACNA1D/KCNQ5/KCNE3/KCNT1/KCNAB2/KCNK1/KCNH7/TSPOAP1/KCNH3/KCNN3/KCNH1/KCNIP2/KCNMA1/KCNN1/CACHD1/KCNK6/PKD2/CACNB1/TPCN2/GRIN2A/KCNQ2/CACNB2
GO:0000014	single-stranded DNA endodeoxyribonuclease activity	10	0.437024618013331	1.00501067431643	0.45	0.941515155090435	0.941515155090435	2641	tags=60%, list=20%, signal=48%	EXOG/RBBP8/ERCC1/DCLRE1C/XRCC1/RAD50
GO:0017069	snRNA binding	47	-0.312398988771071	-0.996873763532693	0.452651515151515	0.941515155090435	0.941515155090435	2476	tags=23%, list=19%, signal=19%	TOE1/RBM41/SNRPA/TUT1/SF3B3/EFTUD2/HNRNPU/GEMIN5/MEPCE/LSM10/RNPC3
GO:0098918	structural constituent of synapse	16	0.380227119116138	0.99282819138801	0.454	0.941515155090435	0.941515155090435	1688	tags=25%, list=13%, signal=22%	ERC2/PPFIA2/ERC1/SPTBN2
GO:0051864	histone H3-methyl-lysine-36 demethylase activity	10	-0.448143004110182	-1.01442921770207	0.454183266932271	0.941515155090435	0.941515155090435	784	tags=60%, list=6%, signal=56%	RIOX2/KDM4B/KDM4A/PHF8/KDM8/KDM2B
GO:0030547	signaling receptor inhibitor activity	13	0.404467423404331	1.00534111855981	0.454545454545455	0.941515155090435	0.941515155090435	933	tags=23%, list=7%, signal=21%	NCAPG2/IGSF1/LY6E
GO:0080025	phosphatidylinositol-3,5-bisphosphate binding	23	0.352316994328584	0.989236811816582	0.454736842105263	0.941515155090435	0.941515155090435	2351	tags=35%, list=18%, signal=29%	KIF16B/WDR45/WDR45B/SESTD1/SH3PXD2B/HIP1R/TPCN2/SNX5
GO:0016616	oxidoreductase activity, acting on the CH-OH group of donors, NAD or NADP as acceptor	78	-0.288846419430969	-1.01038111777472	0.456273764258555	0.941515155090435	0.941515155090435	2252	tags=28%, list=17%, signal=24%	AKR1C1/MDH2/IDH1/IDH3A/DHRS7B/CTBP1/DHRS11/AKR1E2/IMPDH1/RDH11/AKR1B1/CTBP2/MDH1/RDH16/FASN/GFUS/CRYL1/ADHFE1/HSD17B7/DHRS4/BDH1/DCXR
GO:0033293	monocarboxylic acid binding	35	-0.33153948957173	-0.99184582260524	0.45703125	0.941515155090435	0.941515155090435	2842	tags=43%, list=22%, signal=34%	NDUFAB1/CYP26B1/AKR1C1/STARD5/GSTM2/IGF2R/NR2F2/ACOX1/ACACB/SCP2/PC/NAPEPLD/RARA/MCCC1/CRABP2
GO:0120013	lipid transfer activity	37	-0.328309483796193	-0.997968986654898	0.457925636007828	0.941515155090435	0.941515155090435	3912	tags=41%, list=30%, signal=29%	CERT1/GRAMD1C/OSBPL5/ABCA3/PITPNM1/C2CD2L/PRELID3A/PLTP/ATG2B/STARD5/TRIAP1/STARD4/CPTP/PITPNB/GRAMD1A
GO:0048018	receptor ligand activity	138	-0.261168564082073	-0.992664130958187	0.459357277882798	0.941515155090435	0.941515155090435	1616	tags=14%, list=12%, signal=12%	CXCL12/HMGB2/GAS6/ALKBH1/BMP6/VEGFA/INHBA/NRG4/SEMA5B/MDK/JAG2/NRG2/SEMA6D/SEMA3C/VGF/FBN1/RABEP2/SEMA4B/SEMA6C
GO:0045182	translation regulator activity	123	0.260277974719366	0.986941487416118	0.460251046025105	0.941515155090435	0.941515155090435	2092	tags=15%, list=16%, signal=12%	RPL10/SHMT1/SAMD4A/CYFIP1/DHFR/EFL1/DHX29/EIF3L/MTIF3/CPEB4/SAMD4B/EIF5B/EIF2AK4/EIF4G3/MTRF1L/CIRBP/EIF2B5/EIF3E
GO:0030515	snoRNA binding	29	-0.344897175366014	-0.993502986675812	0.46078431372549	0.941515155090435	0.941515155090435	3003	tags=48%, list=23%, signal=37%	NOLC1/NUDT4/IMP4/NUFIP1/TSR1/PRKDC/RRP9/UTP25/BMS1/TBL3/NUDT16L1/NOP14/DKC1/DHX37
GO:0043295	glutathione binding	10	-0.443182414433305	-1.00320028617998	0.462151394422311	0.941515155090435	0.941515155090435	2279	tags=40%, list=17%, signal=33%	GSTM2/GSTM4/GSTM3/MGST1
GO:1900750	oligopeptide binding	10	-0.443182414433305	-1.00320028617998	0.462151394422311	0.941515155090435	0.941515155090435	2279	tags=40%, list=17%, signal=33%	GSTM2/GSTM4/GSTM3/MGST1
GO:1901682	sulfur compound transmembrane transporter activity	34	-0.330327878284419	-0.985157984319068	0.463461538461539	0.941515155090435	0.941515155090435	1107	tags=24%, list=8%, signal=22%	SLC26A11/SLC25A30/SLC26A6/SLC25A14/SLC25A11/ABCC10/ABCC1/SLC36A1
GO:0008238	exopeptidase activity	61	-0.297997260301054	-0.99909484259681	0.465779467680608	0.941515155090435	0.941515155090435	3093	tags=38%, list=24%, signal=29%	GGH/CPQ/BLMH/XPNPEP1/DPP8/RNPEP/SCPEP1/TFRC/SCRN3/AGBL4/CTSA/DPP3/CPD/XPNPEP3/RCE1/NPEPPS/METAP1/DNPEP/ERMP1/ERAP1/KDM8/LTA4H/DPP9
GO:0015278	calcium-release channel activity	13	0.399129928357924	0.992074281900632	0.46723044397463	0.941515155090435	0.941515155090435	2429	tags=54%, list=19%, signal=44%	TRPV1/MCOLN1/RYR2/PKD2/ITPR2/TPCN2/RYR3
GO:0031625	ubiquitin protein ligase binding	256	0.239002640878747	0.988177637015441	0.468409586056645	0.941515155090435	0.941515155090435	1865	tags=15%, list=14%, signal=13%	HERC2/SMC6/ABCB1/LAPTM5/TNFRSF14/SPOPL/FBXW7/CASP10/AMBRA1/TPI1/RNF8/PIAS2/YWHAZ/TNK2/PRKAR2A/ARRB2/USP13/RIPK1/PER1/UBE2J2/SLF1/SMAD7/SPART/RB1/TANK/BLZF1/WASHC1/USP25/ARRDC1/AXIN1/HDAC6/DIO2/NEK6/VCL/CUL3/PER3/RELA/DNM1L
GO:0019894	kinesin binding	37	-0.325200417170714	-0.988518293870165	0.469667318982387	0.941515155090435	0.941515155090435	2135	tags=24%, list=16%, signal=20%	PIFO/DCP1A/NUP62/TTBK2/IFT88/KIF1B/LRP8/CROCC/KLC2
GO:0004197	cysteine-type endopeptidase activity	71	0.286463290235913	0.998138834992785	0.470347648261759	0.941515155090435	0.941515155090435	2596	tags=31%, list=20%, signal=25%	USP40/USP37/CASP2/CASP10/USP34/MALT1/CAPN7/USP13/LGMN/CFLAR/CTSH/USP25/USP49/CAPN10/CTSB/USP8/USP36/USP12/ATG4A/CAPN2/USP15/USP10
GO:0015103	inorganic anion transmembrane transporter activity	84	-0.27970491844282	-0.989728943125511	0.470476190476191	0.941515155090435	0.941515155090435	1183	tags=17%, list=9%, signal=15%	SLC12A8/SLC26A11/CLCC1/GABRB3/SLC25A30/SLC26A6/SLC25A14/SLC25A11/CLCN6/SLC12A6/CLCN7/ABCC10/ABCC1/GPR89B
GO:0005546	phosphatidylinositol-4,5-bisphosphate binding	53	0.305309430402304	0.999873258509963	0.47071129707113	0.941515155090435	0.941515155090435	2049	tags=23%, list=16%, signal=19%	GSDME/STXBP6/CHMP3/FCHO2/AVIL/SYT7/SYTL2/SYT1/SDCBP2/ASAP1/SESTD1/HIP1R
GO:0003887	DNA-directed DNA polymerase activity	20	-0.375667671654209	-1.00068799485209	0.470817120622568	0.941515155090435	0.941515155090435	1863	tags=40%, list=14%, signal=34%	REV3L/POLG/TENT4B/POLD3/POLA1/POLN/POLH/POLL
GO:0048029	monosaccharide binding	44	-0.313808121637051	-0.988685813258541	0.472868217054264	0.941515155090435	0.941515155090435	4089	tags=55%, list=31%, signal=38%	MANBA/OGFOD3/P3H2/OGFOD1/GPI/EGLN2/UGP2/PFKM/P3H1/PLOD3/ALDOA/G6PD/SLC2A3/IGF2R/PLOD2/PFKP/CLN5/ALKBH3/P4HA1/P4HA2/OGFOD2/GYS1/LMAN2L/P3H3
GO:0035497	cAMP response element binding	12	-0.410128604846707	-0.985656174469911	0.473282442748092	0.941515155090435	0.941515155090435	1291	tags=25%, list=10%, signal=23%	E4F1/ATF6B/NR4A3
GO:0030545	signaling receptor regulator activity	161	-0.255430859082763	-0.986769567577575	0.473491773308958	0.941515155090435	0.941515155090435	1964	tags=16%, list=15%, signal=14%	PDGFA/FNTA/SEMA7A/CXCL12/DKK3/APP/HMGB2/GAS6/ALKBH1/BMP6/VEGFA/DGKQ/INHBA/NRG4/SEMA5B/MDK/JAG2/NRG2/SEMA6D/SEMA3C/VGF/PXDN/FBN1/RABEP2/SEMA4B/SEMA6C
GO:0019003	GDP binding	63	0.293720256732891	0.992917863879509	0.477801268498943	0.941515155090435	0.941515155090435	1768	tags=14%, list=13%, signal=12%	NME2/RAB27B/RASL12/RAB27A/RIT2/RAP1A/RAB3B/KRAS/RAB40C
GO:0005104	fibroblast growth factor receptor binding	10	0.427452929196863	0.98299898656411	0.478	0.941515155090435	0.941515155090435	1267	tags=20%, list=10%, signal=18%	KL/FLRT3
GO:0022804	active transmembrane transporter activity	266	-0.239760980279611	-0.990772176187817	0.47985347985348	0.941515155090435	0.941515155090435	2490	tags=21%, list=19%, signal=18%	CYBRD1/SLC1A2/SLC24A3/SLC25A1/ABCA9/ATP6V1B2/SLC13A5/SLC25A16/ATP1A3/CTNS/SLC16A1/SLC9A8/ABCB10/TAPBP/CYB5A/SLC35C1/SLC35E3/SLC29A4/ABCA2/NDUFA10/SLC7A8/SLC36A4/COX15/ATP2B3/SLC6A15/ABCB8/CYB561D1/ABCD3/MFSD3/SLC12A8/SLC11A2/SLC26A11/SLC9A7/NDUFC1/SLCO3A1/ATP13A1/SLC25A30/NDUFS3/ABCB6/SLC26A6/SLC25A14/ABCG4/SLC25A11/ATP7B/CLCN6/SLC12A6/CLCN7/SLC9A1/ABCC10/SLC45A1/TAP2/ABCC8/ABCC1/NDUFB2/SLC36A1/ABCD4/SLC35C2
GO:0140678	molecular function inhibitor activity	83	0.277060346200585	0.989908571396136	0.480167014613779	0.941515155090435	0.941515155090435	3291	tags=30%, list=25%, signal=23%	ANKRD36C/NCAPG2/POT1/TEN1/SMAD7/FNIP1/PPP1R12C/WNK1/NEDD4L/PPP1R12A/LRRK2/FNIP2/PRPSAP1/WNK3/CABP1/ENSA/DFFA/DDIT3/STX1A/ID2/FKBP1B/ID1/HSPBP1/RNH1/TAF1
GO:0017124	SH3 domain binding	104	0.267266273889382	0.988002017291323	0.480603448275862	0.941515155090435	0.941515155090435	3463	tags=34%, list=26%, signal=25%	ARHGAP17/SHANK3/DOCK3/NOXA1/AFAP1/CABYR/AKAP5/CD2AP/DAB2IP/ABL1/DNM1/PTPN12/MAPT/CBLB/PAK3/USP8/HIP1R/SH3BP2/REPS1/SH3BGR/GPX1/CIT/SOCS7/ARHGAP6/EVL/ADAM9/ILK/RAD9A/KHDRBS3/DPYSL3/SH3KBP1/WASF2/DOCK1/FMN1/DNM2
GO:0019842	vitamin binding	90	-0.276189769756536	-0.987057054272877	0.481060606060606	0.941515155090435	0.941515155090435	2395	tags=27%, list=18%, signal=22%	TPK1/GAD1/TKT/ALAS1/ABAT/ALDH1A2/PLOD2/ACACB/ILVBL/PHYKPL/ALKBH3/P4HA1/PC/SPTLC1/KYAT1/FASN/P4HA2/OGFOD2/NFS1/HACL1/UROS/MCCC1/CRABP2/P3H3
GO:0015932	nucleobase-containing compound transmembrane transporter activity	37	-0.322790009955073	-0.98119133024242	0.481409001956947	0.941515155090435	0.941515155090435	2760	tags=32%, list=21%, signal=26%	SLC29A2/SLC25A19/SLC25A42/SLC35B1/SLC35C1/SLC25A36/SLC35E3/SLC29A4/SLC35B4/SLC25A17/SLC35A5/SLC25A23
GO:0099604	ligand-gated calcium channel activity	18	0.360103736852537	0.964736034752756	0.484342379958246	0.941515155090435	0.941515155090435	2429	tags=50%, list=19%, signal=41%	TRPV1/MCOLN1/RYR2/PKD2/ITPR2/P2RX4/TPCN2/GRIN2A/RYR3
GO:0017171	serine hydrolase activity	57	-0.297260350716038	-0.987738200977344	0.484732824427481	0.941515155090435	0.941515155090435	1968	tags=37%, list=15%, signal=31%	PREP/PREPL/RHBDD3/DPP10/C1S/DPP8/SCPEP1/RHBDL1/CTSA/APEH/NUP98/CPD/PCSK5/CLPP/TMPRSS5/MBTPS1/PRSS3/PARL/RHBDD1/PLA2G6/DPP9
GO:0008307	structural constituent of muscle	20	0.350949679793359	0.96420888161021	0.485655737704918	0.941515155090435	0.941515155090435	1521	tags=25%, list=12%, signal=22%	SORBS2/TPM1/NEBL/DMD/TPM4
GO:0015368	calcium:cation antiporter activity	10	0.426056842316106	0.979788452970346	0.486	0.941515155090435	0.941515155090435	2946	tags=50%, list=22%, signal=39%	LETM1/SLC24A4/SLC8A1/SLC24A1/SLC8B1
GO:0097602	cullin family protein binding	24	-0.347951787773544	-0.973452107482125	0.486792452830189	0.941515155090435	0.941515155090435	1177	tags=42%, list=9%, signal=38%	BTBD1/DCUN1D2/KLHL13/PRKN/DDB1/KCTD17/KLHL21/KLHL3/CCDC22/DCUN1D4
GO:0140297	DNA-binding transcription factor binding	313	-0.235876289762439	-0.991565087532163	0.48731884057971	0.941515155090435	0.941515155090435	2237	tags=21%, list=17%, signal=18%	FOXP1/BAZ2A/HSPB1/CNOT7/DCAF1/TAF6/HDAC1/KAT5/CTBP1/BRD8/GABARAPL1/DDX54/STAT1/CREBBP/CPNE1/TAF4/BBS2/TRIM24/TAF4B/DHX33/SIN3A/CHD4/BCL10/DHX9/EP300/MED24/UHRF2/CTBP2/RUNX1T1/HDAC9/DGKQ/MTA1/MED16/FHL2/PPARGC1A/SMARCA4/ARNT2/MMS19/SPEN/KDM3A/NBN/FUS/METTL23/DDX5/STAT3/NR4A3/SRC/NR4A2/TLE4/MEF2D/TACC2/TP53BP1/BCAS3/DMAP1/HDAC3/HSF1/HIRA/TDG/MED12/BRMS1/RARG/WWP2/ZBTB17/NOTCH2/GTF2I
GO:0070412	R-SMAD binding	19	0.354013190678124	0.962878365916794	0.487603305785124	0.941515155090435	0.941515155090435	1636	tags=21%, list=12%, signal=18%	LDLRAD4/PPM1A/SMAD4/PPARG
GO:0005501	retinoid binding	13	-0.404286606486325	-0.987917796061864	0.487712665406427	0.941515155090435	0.941515155090435	2639	tags=46%, list=20%, signal=37%	CYP26B1/ALDH1A2/IGF2R/NR2F2/RARA/CRABP2
GO:0019840	isoprenoid binding	13	-0.404286606486325	-0.987917796061864	0.487712665406427	0.941515155090435	0.941515155090435	2639	tags=46%, list=20%, signal=37%	CYP26B1/ALDH1A2/IGF2R/NR2F2/RARA/CRABP2
GO:0019887	protein kinase regulator activity	161	0.250983285634747	0.988381799348587	0.487912087912088	0.941515155090435	0.941515155090435	3279	tags=29%, list=25%, signal=22%	HYAL2/CCNB1/NCAPG2/HMGB1/GMFG/CAB39/PRKAR2A/ETAA1/DAB2IP/CCNC/MAP2K6/SPRED1/KIDINS220/CCND1/DUSP19/CCNG1/WNK1/CCNJL/DBF4/TAL1/MOB2/CCNA1/PRKAR1A/MT3/CCNT2/CCNL1/CD24/INKA2/ANKRD54/CEP43/ITPRIP/BMPR1A/MNAT1/CIT/AGAP2/MAPK8IP1/CCNQ/ALS2/TRIB1/CCNT1/IBTK/CAMK2N1/MBIP/STRADA/CCNK/PRKAG1/CCNH
GO:0005522	profilin binding	10	0.424897928012309	0.977123337098319	0.488	0.941515155090435	0.941515155090435	3007	tags=30%, list=23%, signal=23%	HTT/RHOQ/EVL
GO:0098505	G-rich strand telomeric DNA binding	10	0.425028124069002	0.97742274454892	0.488	0.941515155090435	0.941515155090435	1548	tags=30%, list=12%, signal=26%	POT1/TERF1/TERF2IP
GO:1901981	phosphatidylinositol phosphate binding	128	0.254005280081237	0.969454982973216	0.488469601677149	0.941515155090435	0.941515155090435	2106	tags=23%, list=16%, signal=20%	GSDME/KIF16B/STXBP6/CHMP3/FCHO2/AVIL/WDR45/ZFYVE16/SYT7/CYTH3/SYTL2/DAB2IP/TECPR1/SYT1/SNX11/WDR45B/ZFYVE28/KCNH1/MAPT/ZFYVE19/SDCBP2/SNX27/MYO10/ASAP1/OSBPL8/SNX22/SESTD1/SH3PXD2B/HIP1R/PIRT
GO:0051879	Hsp90 protein binding	37	-0.321195873006636	-0.976345599876592	0.489236790606654	0.941515155090435	0.941515155090435	2986	tags=35%, list=23%, signal=27%	TSC1/SLC12A2/TELO2/AHR/PPP5C/AHSA2P/NUP62/TSC2/USP19/NPAS2/UNC45A/TTC4/HSF1
GO:0008066	glutamate receptor activity	22	0.349550954237465	0.969874015055972	0.48936170212766	0.941515155090435	0.941515155090435	3079	tags=32%, list=23%, signal=24%	GRIA4/GRIK4/GRIK2/GRIN2A/GRM7/GRM1/GRM2
GO:0004435	phosphatidylinositol phospholipase C activity	13	-0.401795722232427	-0.98183105254161	0.491493383742911	0.941515155090435	0.941515155090435	5122	tags=54%, list=39%, signal=33%	GDPD5/PLCG2/CHRM1/PLCD3/PLCH1/PLCG1/PLCL1
GO:0004180	carboxypeptidase activity	21	0.351258310466409	0.966626874779651	0.492693110647182	0.941515155090435	0.941515155090435	2042	tags=24%, list=16%, signal=20%	NAALAD2/AGBL5/VASH1/AGTPBP1/PEPD
GO:0008527	taste receptor activity	12	-0.403167755190843	-0.968927264655334	0.494274809160305	0.941515155090435	0.941515155090435	307	tags=17%, list=2%, signal=16%	TAS2R3/TAS2R5
GO:0033038	bitter taste receptor activity	12	-0.403167755190843	-0.968927264655334	0.494274809160305	0.941515155090435	0.941515155090435	307	tags=17%, list=2%, signal=16%	TAS2R3/TAS2R5
GO:0016763	pentosyltransferase activity	39	0.31102732059877	0.973603111825475	0.494802494802495	0.941515155090435	0.941515155090435	2204	tags=28%, list=17%, signal=24%	NAPRT/XYLT1/RXYLT1/UMPS/UPP2/APRT/PARP8/ART3/NAMPT/PNP/SIRT6
GO:0015370	solute:sodium symporter activity	30	0.329082171502612	0.968811285995553	0.49685534591195	0.941515155090435	0.941515155090435	2241	tags=23%, list=17%, signal=19%	MFSD2A/SLC6A6/SLC20A2/SLC5A6/SLC6A11/SLC4A7/SLC12A1
GO:0003684	damaged DNA binding	60	-0.295302293000247	-0.985295771613812	0.497120921305182	0.941515155090435	0.941515155090435	2144	tags=27%, list=16%, signal=22%	ERCC3/ERCC2/NEIL1/CREBBP/DCLRE1A/HMGB2/ERCC4/EP300/NBN/MUTYH/TP53BP1/RPA3/PNKP/TDG/POLH/FANCG
GO:0031491	nucleosome binding	61	-0.292487949389197	-0.980623786477911	0.498098859315589	0.941515155090435	0.941515155090435	3226	tags=38%, list=25%, signal=29%	HMGN1/NOC2L/SMARCE1/RBBP4/SUPT6H/VRK1/EZH1/PARP2/HMGN2/RNF4/HDAC1/SMARCD2/CHD4/L3MBTL1/SPHK2/SSRP1/SMARCA4/NAP1L4/CABIN1/HIRA/RNF169/GATAD2B/MACROH2A1
GO:0008233	peptidase activity	313	-0.235015600798323	-0.987946965808692	0.498188405797102	0.941515155090435	0.941515155090435	2540	tags=26%, list=19%, signal=21%	SPG7/TFRC/COPS6/CHMP1A/USP42/CASP7/THOP1/SCRN3/USP48/YBEY/RHBDL1/STAMBP/CASP6/USP28/NLN/CTSL/CTSD/AGBL4/SENP1/OTULIN/ADAM15/CTSA/PITRM1/USP3/USP5/CPNE1/MMP24/APEH/NRDC/USP9X/MBTPS2/PSEN2/USP14/NUP98/DPP3/IDE/CPD/GGT7/CYLD/SPPL3/USP45/ADAM17/PCSK5/PDIA3/ECE1/OTUD4/MINDY4/SENP3/SENP7/CLPP/TMPRSS5/MBTPS1/XPNPEP3/ATG4B/USP19/RCE1/GPAA1/NPEPPS/METAP1/UCHL5/NCSTN/USP20/SPCS2/DNPEP/ERMP1/CAPN1/PRSS3/CFAP44/EIF3F/PARL/ALG13/USP30/ERAP1/KDM8/RHBDD1/USP35/USP21/ADAMTS19/LTA4H/HM13/DPP9
GO:0019205	nucleobase-containing compound kinase activity	38	-0.31784270395013	-0.974014065992471	0.499025341130604	0.941515155090435	0.941515155090435	2702	tags=32%, list=21%, signal=25%	NME3/CMPK2/AK3/MPP1/AK2/AK7/AK4/UCKL1/NME9/UCK1/ADK/PNKP
GO:0061133	endopeptidase activator activity	11	-0.418883546266314	-0.970021386784654	0.505928853754941	0.941515155090435	0.941515155090435	2698	tags=27%, list=21%, signal=22%	PSME2/APH1B/PSME3
GO:0140030	modification-dependent protein binding	138	-0.255360104224938	-0.970587010855491	0.506616257088847	0.941515155090435	0.941515155090435	2602	tags=28%, list=20%, signal=22%	RAD18/DAXX/PHIP/KDM4A/VCP/ZFAND2B/BRD7/SQSTM1/DNAJB2/BAZ2A/ABRAXAS2/MBTD1/SGF29/KMT2E/YEATS4/TRIM24/WDR5/PML/IDE/ING3/CXXC1/L3MBTL1/BRD4/ING5/KMT2A/TDRD3/SMARCA4/LRWD1/FAN1/PHF8/L3MBTL2/TAB2/TP53BP1/KDM8/RNF31/RNF169/NCAPD3/PHF2
GO:0008175	tRNA methyltransferase activity	32	0.319659504756768	0.960210167826843	0.507216494845361	0.941515155090435	0.941515155090435	2311	tags=28%, list=18%, signal=23%	TRMT13/THUMPD3/ALKBH8/NSUN2/TRDMT1/THUMPD2/TRMT11/METTL8/TRMO
GO:0016769	transferase activity, transferring nitrogenous groups	17	-0.374398157712696	-0.9642003039782	0.51171875	0.941515155090435	0.941515155090435	3143	tags=53%, list=24%, signal=40%	ACCS/OAT/KYAT3/ABAT/PHYKPL/BCAT1/KYAT1/AMT/GFPT2
GO:0019107	myristoyltransferase activity	11	0.404735984068036	0.961228234264838	0.512096774193548	0.941515155090435	0.941515155090435	1263	tags=27%, list=10%, signal=25%	ZDHHC15/ZDHHC7/ZDHHC3
GO:0008194	UDP-glycosyltransferase activity	98	0.26269657586813	0.963505508493692	0.512605042016807	0.941515155090435	0.941515155090435	1824	tags=19%, list=14%, signal=17%	B4GALT1/B4GALT2/XYLT1/UGGT2/RXYLT1/B3GALNT1/UGCG/MGAT4B/GALNT1/UGGT1/CSGALNACT1/PIGH/B3GNT5/GALNT2/MGAT4C/MGAT5B/GALNT14/B4GALNT4/GALNT11
GO:0001098	basal transcription machinery binding	54	-0.295654996595831	-0.969481514253697	0.513461538461538	0.941515155090435	0.941515155090435	3603	tags=41%, list=27%, signal=30%	TBP/CCAR2/SCAF1/AGO1/NOLC1/GTF2B/RPRD2/ELP4/AHR/SMYD3/RPRD1B/ERCC4/DHX9/CTR9/BRD4/WAC/SCAF4/HNRNPU/ELP2/RECQL5/FBL/PAF1
GO:0001099	basal RNA polymerase II transcription machinery binding	54	-0.295654996595831	-0.969481514253697	0.513461538461538	0.941515155090435	0.941515155090435	3603	tags=41%, list=27%, signal=30%	TBP/CCAR2/SCAF1/AGO1/NOLC1/GTF2B/RPRD2/ELP4/AHR/SMYD3/RPRD1B/ERCC4/DHX9/CTR9/BRD4/WAC/SCAF4/HNRNPU/ELP2/RECQL5/FBL/PAF1
GO:1901505	carbohydrate derivative transmembrane transporter activity	33	-0.322262569348104	-0.95773377132921	0.513565891472868	0.941515155090435	0.941515155090435	2760	tags=30%, list=21%, signal=24%	SLC29A2/SLC25A42/SLC35B1/SLC35C1/SLC35E3/SLC29A4/SLC35B4/SLC25A17/SLC35A5/SLC25A23
GO:0004518	nuclease activity	165	0.246621835299813	0.975032128731475	0.51409978308026	0.941515155090435	0.941515155090435	1954	tags=20%, list=15%, signal=17%	POLE/PMS2/EXD3/WRN/RNASET2/POLB/EXOG/FANCM/DXO/ELAC1/TATDN3/ZGRF1/ERI1/ERI2/MBD4/RBBP8/OGG1/RPP21/APTX/SLX4/XRN1/DCP2/POP1/NUDT12/CNOT1/REXO1/ERCC1/PNPT1/PARN/DFFB/DNASE1L1/ZC3H12B/DCLRE1C
GO:0008013	beta-catenin binding	72	0.280225052458244	0.977661468295566	0.515527950310559	0.941515155090435	0.941515155090435	2014	tags=21%, list=15%, signal=18%	MED12L/PIN1/DVL1/DLG5/PSEN1/CD2AP/TBL1XR1/SMAD7/BTRC/AXIN1/HDAC6/VCL/CXADR/DACT1/AJAP1
GO:0016251	RNA polymerase II general transcription initiation factor activity	36	-0.317646869561091	-0.96268480443725	0.517441860465116	0.941515155090435	0.941515155090435	2287	tags=36%, list=17%, signal=30%	TBP/TBPL1/GTF2A2/GTF2H3/GTF2B/GTF2E1/TAF6/GTF2H4/TAF4/TAF4B/SNAPC2/SNAPC4/GTF2H2
GO:0016776	phosphotransferase activity, phosphate group as acceptor	35	0.311645674968903	0.954536987003752	0.518367346938776	0.941515155090435	0.941515155090435	1766	tags=23%, list=13%, signal=20%	NME2/IP6K1/ITPKA/GUK1/PPIP5K2/NME7/DLG2/NME6
GO:0035198	miRNA binding	30	-0.326234079381936	-0.956908384758082	0.52	0.941515155090435	0.941515155090435	339	tags=17%, list=3%, signal=16%	SPOUT1/AGO3/ZNF346/TUT4/RBM10
GO:0051119	sugar transmembrane transporter activity	11	-0.413540412589378	-0.957648129383462	0.521739130434783	0.941515155090435	0.941515155090435	3196	tags=45%, list=24%, signal=34%	SLC50A1/SLC23A2/SLC2A3/SLC2A11/SLC2A6
GO:0030371	translation repressor activity	24	0.336660139771331	0.948925298044055	0.523305084745763	0.941515155090435	0.941515155090435	2011	tags=25%, list=15%, signal=21%	SHMT1/SAMD4A/DHFR/CPEB4/SAMD4B/CIRBP
GO:0004653	polypeptide N-acetylgalactosaminyltransferase activity	16	0.36120423106325	0.943156669839445	0.524	0.941515155090435	0.941515155090435	1824	tags=25%, list=14%, signal=22%	GALNT1/GALNT2/GALNT14/GALNT11
GO:0004970	ionotropic glutamate receptor activity	16	0.361424716260848	0.943732388689978	0.524	0.941515155090435	0.941515155090435	2409	tags=25%, list=18%, signal=20%	GRIA4/GRIK4/GRIK2/GRIN2A
GO:0004190	aspartic-type endopeptidase activity	15	-0.378418290896994	-0.956756048209965	0.524271844660194	0.941515155090435	0.941515155090435	2475	tags=47%, list=19%, signal=38%	BACE1/CASP7/CTSD/PSEN2/SPPL3/NCSTN/HM13
GO:0070001	aspartic-type peptidase activity	15	-0.378418290896994	-0.956756048209965	0.524271844660194	0.941515155090435	0.941515155090435	2475	tags=47%, list=19%, signal=38%	BACE1/CASP7/CTSD/PSEN2/SPPL3/NCSTN/HM13
GO:0004402	histone acetyltransferase activity	33	-0.319927940055319	-0.950795474642264	0.525193798449612	0.941515155090435	0.941515155090435	3924	tags=55%, list=30%, signal=38%	NCOA1/ATF2/KAT8/GTF3C4/NAA50/USP22/TADA2A/KAT2A/GTF2B/KAT7/SRCAP/HAT1/EPC1/KAT5/CREBBP/EP300/MED24/NAA60
GO:0005525	GTP binding	288	0.234987197767254	0.979411796933855	0.525727069351231	0.941515155090435	0.941515155090435	2984	tags=21%, list=23%, signal=16%	TUBG2/SEPTIN11/RABL2A/RAB24/RASL10A/DAPK1/RABL2B/RAB27B/GUCY1A1/GBP4/RASL12/UPRT/GUCY1A2/EHD1/TUBE1/RAB27A/EFL1/GCH1/CPLANE2/GNAI2/RASL10B/DAP3/GNA14/RIT2/LSG1/DNM1/RAB39A/RAP1A/RAB3B/RNGTT/EIF5B/KRAS/GMPPB/RAB40C/ARL16/LRRK2/DNM1L/DRG2/ARL5A/SAMHD1/GNL3/RND3/MFN1/RRAGB/SEPTIN2/ATL3/DNAJC27/OPA1/AGAP2/SEPTIN5/NKIRAS2/RIT1/GNL2/ARL13B/GPN2/ARL10/RRAS2/RHOQ/GPN1/RAB15
GO:0015145	monosaccharide transmembrane transporter activity	10	-0.422357146336511	-0.95605961851339	0.52589641434263	0.941515155090435	0.941515155090435	796	tags=40%, list=6%, signal=38%	SLC23A2/SLC2A3/SLC2A11/SLC2A6
GO:0000030	mannosyltransferase activity	22	0.342338851954309	0.94986311102735	0.527659574468085	0.941515155090435	0.941515155090435	1355	tags=23%, list=10%, signal=20%	DPY19L2/POMT2/ALG1/DPY19L3/POMT1
GO:0020037	heme binding	56	0.28883312775203	0.962563905698255	0.527835051546392	0.941515155090435	0.941515155090435	2173	tags=27%, list=17%, signal=22%	HEBP2/CYBB/GUCY1A1/GUCY1A2/CYP2R1/CYP2E1/HMOX1/FLVCR1/CYP4X1/CYB561D2/RSAD1/DGCR8/JAK2/NOX5/CYB5D2
GO:0046933	proton-transporting ATP synthase activity, rotational mechanism	16	-0.377679032838531	-0.957664310969589	0.529880478087649	0.941515155090435	0.941515155090435	5805	tags=62%, list=44%, signal=35%	ATP6V1A/ATP5ME/ATP5PB/ATP5F1C/ATP6V0C/ATP5PF/ATP5PO/ATP5F1D/ATP5F1B/ATP5F1A
GO:0034450	ubiquitin-ubiquitin ligase activity	13	-0.390128845510982	-0.953321784728491	0.531190926275992	0.941515155090435	0.941515155090435	4081	tags=54%, list=31%, signal=37%	UBE4A/UBR5/STUB1/PRPF19/PPIL2/UBE4B/PELI2
GO:0003682	chromatin binding	433	-0.225810949279426	-0.9770100114807	0.531418312387792	0.941515155090435	0.941515155090435	2154	tags=20%, list=16%, signal=18%	TNRC18/HDAC1/ERCC3/EGR1/MBTD1/NUPR1/ENY2/SMARCD2/CTBP1/STAT1/SFMBT1/USP3/CREBBP/POLG/HNRNPD/NUP62/TRIM24/NUP98/EP400/AUTS2/DNMT1/GRWD1/BCL6/PRDM15/PBRM1/SIN3A/CHD4/ERCC4/DHX9/EP300/L3MBTL1/CTBP2/BRD4/POLR2A/ING5/MACROH2A2/SPHK2/WAC/SSRP1/DHX30/MTA1/HNRNPU/TDRD3/SCMH1/POLR3G/DNMT3A/PPARGC1A/SMARCA4/NAP1L4/LRWD1/MBD5/KDM3A/FUS/RARA/DDX5/STAT3/PHF8/L3MBTL2/MBD1/ASXL2/GABPA/POLA1/CABIN1/TLE4/NELFA/PELP1/BCAS3/KDM6B/KDM8/L3MBTL3/PAF1/HDAC3/HSF1/HIRA/RNF169/NCAPD3/GATAD2B/IRF3/NPM3/RERE/SIN3B/NFKB1/MED12/MACROH2A1/KMT5C/RARG/CRAMP1/POLR3A
GO:0120015	sterol transfer activity	14	-0.37908585807921	-0.941105224385833	0.531548757170172	0.941515155090435	0.941515155090435	2953	tags=36%, list=23%, signal=28%	GRAMD1C/PLTP/STARD5/STARD4/GRAMD1A
GO:0046624	sphingolipid transporter activity	15	0.374272998000068	0.94608124811741	0.531827515400411	0.941515155090435	0.941515155090435	839	tags=20%, list=6%, signal=19%	ABCB1/SPNS2/ATP10A
GO:0043548	phosphatidylinositol 3-kinase binding	26	-0.333075969342338	-0.939766976651742	0.53515625	0.941515155090435	0.941515155090435	951	tags=19%, list=7%, signal=18%	FBXL2/CBL/IGF1R/PLGLB1/FYN
GO:0051015	actin filament binding	147	-0.249946848196478	-0.95715044473664	0.536723163841808	0.941515155090435	0.941515155090435	1977	tags=19%, list=15%, signal=16%	USH1C/CAMSAP3/ACTR2/ANXA6/CORO6/GAS2/CORO2B/CTNNA2/ACTN2/IQGAP1/TWF2/ABLIM2/FLII/SPTB/MYH14/SPTBN1/TLN2/MAP1S/KLHL17/PKNOX2/CORO7/TMEM201/ARPC4/FRG1/MYO19/TAGLN/SPTBN4/DMTN
GO:0016836	hydro-lyase activity	46	-0.299048975697224	-0.95344880841781	0.539473684210526	0.941515155090435	0.941515155090435	2442	tags=28%, list=19%, signal=23%	ENO2/DGLUCY/IREB2/ECHS1/HACD3/GMDS/HACD1/FASN/PTGIS/FAHD2A/PCBD1/UROS/ENO1
GO:0004866	endopeptidase inhibitor activity	55	-0.288827948116818	-0.952277137408331	0.540229885057471	0.941515155090435	0.941515155090435	2300	tags=24%, list=18%, signal=20%	WFIKKN1/NOL3/PTTG1/SPOCK2/SPINT2/USP14/UBE2Z/APP/GAS6/UCHL5/COL7A1/ITIH4/CAST
GO:0000979	RNA polymerase II core promoter sequence-specific DNA binding	18	-0.358662865082287	-0.938077487309817	0.541108986615679	0.941515155090435	0.941515155090435	3603	tags=44%, list=27%, signal=32%	H3-3A/GTF2A1/TBP/TBPL1/GTF2B/HDAC1/STAT1/MACROH2A1
GO:0004521	endoribonuclease activity	50	-0.296314951460305	-0.956019338296026	0.544230769230769	0.941515155090435	0.941515155090435	3767	tags=44%, list=29%, signal=31%	APEX1/CPSF3/RNASEH2A/RPP38/NUDT16/INTS11/POP4/ELAC2/SMG6/DICER1/PRORP/SND1/YBEY/AGO3/EDC3/RPP30/DBR1/LACTB2/DROSHA/TSEN2/RCL1/ENDOV
GO:0120020	cholesterol transfer activity	13	-0.385886520635093	-0.94295520771524	0.544423440453686	0.941515155090435	0.941515155090435	2953	tags=38%, list=23%, signal=30%	GRAMD1C/PLTP/STARD5/STARD4/GRAMD1A
GO:0042277	peptide binding	201	-0.243214874206795	-0.966428902980058	0.544954128440367	0.941515155090435	0.941515155090435	3060	tags=29%, list=23%, signal=23%	C2CD2L/OPRL1/POM121C/BACE1/NOLC1/PPP3R1/SEC61A2/TNPO1/TAP1/KPNA6/KDELR1/TUBB3/SRP68/SORL1/SRP54/THOP1/CACNA1B/GSTM2/NLN/ATP1A3/CLU/KPNA3/AP2B1/TAPBP/NUP98/IDE/SLC7A8/NKTR/SEC61A1/PEX5/PCSK5/ECE1/GSTM4/POM121/LRP8/DHCR24/INHBA/HLA-F/CRYAB/EPHB2/IGF1R/NPEPPS/COL25A1/APBB2/PFDN4/RPS6KB2/LRP1/NPAP1/NPR2/GSTM3/ERAP1/GRIN1/TAP2/NUP214/APBB3/CACNA1A/MGST1/OPRK1/CEMIP
GO:0003841	1-acylglycerol-3-phosphate O-acyltransferase activity	16	-0.373296155796738	-0.946550840119097	0.545816733067729	0.941515155090435	0.941515155090435	3700	tags=50%, list=28%, signal=36%	AGPAT5/GPAT4/AGPAT1/LPCAT3/TAFAZZIN/LPCAT1/LCLAT1/MBOAT7
GO:0035251	UDP-glucosyltransferase activity	10	0.407425328762821	0.936942193908683	0.546	0.941515155090435	0.941515155090435	1205	tags=30%, list=9%, signal=27%	UGGT2/UGCG/UGGT1
GO:0008320	protein transmembrane transporter activity	20	-0.354986512808352	-0.94559837991251	0.546692607003891	0.941515155090435	0.941515155090435	4322	tags=35%, list=33%, signal=23%	SEC61G/BLOC1S3/TOMM40/TOMM22/SEC61A2/SEC61A1/AP4M1
GO:0030228	lipoprotein particle receptor activity	10	-0.416531717753141	-0.942873013107508	0.547808764940239	0.941515155090435	0.941515155090435	1262	tags=40%, list=10%, signal=36%	SORL1/LRP8/VLDLR/LRP1
GO:0042805	actinin binding	23	0.331642059813172	0.931185662897354	0.549473684210526	0.941515155090435	0.941515155090435	2711	tags=39%, list=21%, signal=31%	CACNA1D/MAGI1/PPARG/RELA/PDLIM5/PKD2/PALLD/PDLIM3/LDB3
GO:0005231	excitatory extracellular ligand-gated ion channel activity	12	0.384909608194703	0.932289839672837	0.550209205020921	0.941515155090435	0.941515155090435	2400	tags=33%, list=18%, signal=27%	TRPV1/P2RX4/GRIK2/P2RX6
GO:0008237	metallopeptidase activity	96	0.259374141235144	0.949748820580798	0.551148225469729	0.941515155090435	0.941515155090435	2245	tags=25%, list=17%, signal=21%	ADAM32/NAALAD2/OMA1/NPEPL1/AOPEP/ECE2/AMZ1/MIPEP/MMP17/LMLN/QPCTL/METAP1D/AGBL5/PAPPA2/VASH1/ADAMTS1/BRCC3/ADAM11/AGTPBP1/PEPD/TLL1/ATP23/MYSM1/ADAMTS8
GO:0033764	steroid dehydrogenase activity, acting on the CH-OH group of donors, NAD or NADP as acceptor	11	-0.403920197490982	-0.93537030425977	0.551383399209486	0.941515155090435	0.941515155090435	2570	tags=45%, list=20%, signal=37%	RDH5/AKR1C1/DHRS11/RDH16/HSD17B7
GO:0050811	GABA receptor binding	17	0.353016965483185	0.930485896563036	0.553061224489796	0.941515155090435	0.941515155090435	630	tags=12%, list=5%, signal=11%	GABRA5/AKAP5
GO:0035256	G protein-coupled glutamate receptor binding	12	-0.383221860188932	-0.92099158220931	0.553435114503817	0.941515155090435	0.941515155090435	80	tags=25%, list=1%, signal=25%	CALM1/ADORA2A/FYN
GO:0016922	nuclear receptor binding	122	0.253514703669457	0.958140531235767	0.553684210526316	0.941515155090435	0.941515155090435	2384	tags=25%, list=18%, signal=21%	YWHAH/JMJD1C/TACC1/ASXL1/MED17/MED25/CCDC62/ZNHIT3/NCOA3/PPARGC1B/DNAAF4/PROX1/RARB/MED14/ARID1A/TRIP4/GTF2H1/CNOT1/PPARG/PPID/GAS2L1/MED13/TRERF1/TMF1/PRKCB/NCOR1/CRY2/LCOR/PKN1/C1D/KDM1A
GO:0070696	transmembrane receptor protein serine/threonine kinase binding	10	-0.415544970189158	-0.94063938332813	0.553784860557769	0.941515155090435	0.941515155090435	1371	tags=30%, list=10%, signal=27%	BMP6/INHBA/SRC
GO:0043047	single-stranded telomeric DNA binding	12	0.382383309994531	0.92617089097979	0.554393305439331	0.941515155090435	0.941515155090435	1548	tags=25%, list=12%, signal=22%	POT1/TERF1/TERF2IP
GO:0016417	S-acyltransferase activity	28	-0.332313270930393	-0.948787061826911	0.555335968379447	0.941515155090435	0.941515155090435	1860	tags=36%, list=14%, signal=31%	ZDHHC16/ZDHHC17/ZDHHC2/ZDHHC21/DLST/ZDHHC5/ZDHHC8/FASN/ZDHHC14/ZDHHC11
GO:0004527	exonuclease activity	69	0.276332554316208	0.958520269587637	0.556016597510373	0.941515155090435	0.941515155090435	1691	tags=20%, list=13%, signal=18%	POLE/EXD3/WRN/EXOG/DXO/ERI1/ERI2/APTX/XRN1/DCP2/CNOT1/REXO1/PNPT1/PARN
GO:0048185	activin binding	11	0.391668997912638	0.930194779065054	0.556451612903226	0.941515155090435	0.941515155090435	1404	tags=27%, list=11%, signal=24%	SMAD7/TGFBR3/ACVR1
GO:0042974	retinoic acid receptor binding	22	0.335519035641904	0.930940654805523	0.557446808510638	0.941515155090435	0.941515155090435	1636	tags=27%, list=12%, signal=24%	TACC1/ASXL1/MED25/RARB/CNOT1/PPARG
GO:0042975	peroxisome proliferator activated receptor binding	11	0.391096002775029	0.928833943542522	0.558467741935484	0.941515155090435	0.941515155090435	312	tags=18%, list=2%, signal=18%	TACC1/ASXL1
GO:0032266	phosphatidylinositol-3-phosphate binding	31	0.313844943547064	0.930260858124377	0.561330561330561	0.941515155090435	0.941515155090435	1925	tags=32%, list=15%, signal=28%	KIF16B/WDR45/DAB2IP/TECPR1/WDR45B/ZFYVE28/ZFYVE19/SNX27/SESTD1/SH3PXD2B
GO:0051117	ATPase binding	72	-0.274630110301441	-0.949527856150252	0.5626204238921	0.941515155090435	0.941515155090435	2183	tags=32%, list=17%, signal=27%	RALA/DNAJC10/ATP6V0A1/NR1H2/SVIP/ATXN3/ATP1B2/NUFIP1/VCPKMT/S100A1/UBE4B/TOR1AIP2/TOR1AIP1/SYVN1/RAB3A/TMTC4/CLPP/NCSTN/SRC/ATP6V0A2/FBL/PELP1/PIH1D1
GO:0140101	catalytic activity, acting on a tRNA	123	-0.252941848973218	-0.952650352367795	0.562977099236641	0.941515155090435	0.941515155090435	2404	tags=24%, list=18%, signal=20%	TYW5/METTL6/TARS1/METTL2A/TRMT2B/QTRT2/TRMT1L/FARSA/YARS1/LARS2/RPP30/GATC/NSUN3/ALKBH1/MRPL58/TRMT44/CARS1/VARS1/TARS2/TRMT1/TSEN2/DTWD1/TRIT1/AARS1/TYW1/DUS2/LARS1/HARS2/WARS1/CARS2
GO:0048487	beta-tubulin binding	38	-0.307727489754359	-0.943016466284303	0.563352826510721	0.941515155090435	0.941515155090435	2972	tags=32%, list=23%, signal=24%	IFT74/DNAI7/TBCD/BBS4/PIFO/RACGAP1/GABARAPL1/LRPPRC/MAP1S/BCAS3/PEX14/ARL8B
GO:0001786	phosphatidylserine binding	39	0.300600831518814	0.940965264468152	0.563409563409563	0.941515155090435	0.941515155090435	2058	tags=26%, list=16%, signal=22%	SYT6/FCHO2/HMGB1/SYT7/SYTL2/SYT1/CPNE6/ASAP1/OSBPL8/CAVIN2
GO:0005254	chloride channel activity	39	0.300476437131167	0.940575875000136	0.563409563409563	0.941515155090435	0.941515155090435	681	tags=10%, list=5%, signal=10%	GABRA5/ANO6/GABRA2/GABRA4
GO:0043130	ubiquitin binding	87	-0.267671328335243	-0.948609153421907	0.565965583173996	0.941515155090435	0.941515155090435	2526	tags=31%, list=19%, signal=25%	UBE2A/SPRTN/PRKN/GGA1/SHARPIN/MDM2/SIRT2/PLAA/ZFAND2B/UBXN7/SQSTM1/ASCC2/DNAJB2/HSPB1/SMARCAD1/UBXN11/USP5/N4BP1/NUP62/TOM1L1/GGA2/RNFT1/TAB2/GGA3/RNF31/TOM1/HGS
GO:0001228	DNA-binding transcription activator activity, RNA polymerase II-specific	248	-0.235869176000213	-0.965252382884909	0.566176470588235	0.941515155090435	0.941515155090435	1972	tags=15%, list=15%, signal=13%	FOSB/ZFAT/NKRF/ZNF227/ZNF76/RXRB/ATF1/HSF2/PRDM15/ZNF780B/ZNF143/ZNF33B/ZSCAN21/UBP1/E4F1/ATF6B/ARNT2/CSRNP3/GMEB1/NFIB/CARF/STAT3/ZNF836/NR4A3/GABPA/NR4A2/MEF2D/ZNF658/MLXIP/PRDM4/IRF3/NFAT5/NFKB1/PLAGL1/ZBTB17/GTF2I
GO:0051019	mitogen-activated protein kinase binding	21	0.336423200241961	0.92580217168799	0.567849686847599	0.941515155090435	0.941515155090435	1308	tags=19%, list=10%, signal=17%	ARRB2/GCH1/MAPK7/ABL1
GO:0016229	steroid dehydrogenase activity	13	-0.375127755634595	-0.9166650085419	0.568998109640832	0.941515155090435	0.941515155090435	2570	tags=38%, list=20%, signal=31%	RDH5/AKR1C1/DHRS11/RDH16/HSD17B7
GO:0050839	cell adhesion molecule binding	398	0.221560063767445	0.966087550139723	0.570498915401302	0.941515155090435	0.941515155090435	2699	tags=23%, list=21%, signal=19%	PI4KA/SLK/CTNNAL1/TBC1D10A/CDH12/CDH3/PAK4/STXBP6/TMPO/NLGN1/LAMB1/PTPRB/EMB/CEMIP2/STK38/MICALL1/PTPN1/YWHAZ/HMGB1/DSCAM/EHD1/PTPN2/PTPRO/MPP7/PSEN1/CD2AP/KIRREL3/ARVCF/DHX29/DAB2IP/RARS1/RPS2/RPL24/CDH13/DSC2/CDH11/DBNL/CHMP2B/SHTN1/AFDN/UBAP2/ACVR1/GLDN/ATIC/PPFIBP1/KTN1/ADAM11/ERC1/NOP56/PTPRZ1/SPTBN2/ASAP1/VCL/DST/NRXN1/LTBP4/RPL6/CIP2A/LRRC4C/PDLIM5/CXADR/USP8/PKN2/EIF3E/VSTM2L/GLOD4/ABCF3/PALLD/FBLN5/PTK2/RPL15/TNKS1BP1/ADAMTS8/HCFC1/CAPZB/P2RX4/MYH9/SNX5/PKP2/SEPTIN2/STX5/PAK6/TLN1/PTPRD/STK24/PTPRT/RANBP1/PKP4/DOCK9/FNBP1L/ICAM5/ZC3HAV1/GIPC1
GO:0042287	MHC protein binding	21	-0.341513465430109	-0.925559385780114	0.5717017208413	0.941515155090435	0.941515155090435	3433	tags=48%, list=26%, signal=35%	ATP5F1B/ABCB9/TUBB4B/TAP1/VCP/KLRD1/TAPBP/ATP5F1A/TAP2/PILRB
GO:0003777	microtubule motor activity	43	-0.295182471333612	-0.929775319784252	0.573359073359073	0.941515155090435	0.941515155090435	2306	tags=28%, list=18%, signal=23%	KIF9/KIF22/KIF2A/KIF21A/KIF24/KIF1A/KIF1B/DYNC1I2/DNAH7/DYNC2H1/DNAH6/DNAH1
GO:0008081	phosphoric diester hydrolase activity	63	-0.2815357086199	-0.951452609987602	0.574669187145558	0.941515155090435	0.941515155090435	1435	tags=16%, list=11%, signal=14%	PDIA3/PLCL1/NAPEPLD/SMPD4/SMPDL3A/FAN1/PDE4A/MPPE1/TDP1/PDE1A
GO:0005547	phosphatidylinositol-3,4,5-trisphosphate binding	27	-0.325190578320618	-0.923620606116049	0.575098814229249	0.941515155090435	0.941515155090435	2356	tags=30%, list=18%, signal=24%	FERMT2/GBF1/RACGAP1/IQGAP1/ARAP1/WASHC2C/ARAP2/ZFYVE1
GO:0008083	growth factor activity	67	-0.274400500679175	-0.940763781743052	0.575471698113208	0.941515155090435	0.941515155090435	1616	tags=16%, list=12%, signal=14%	PDGFA/CXCL12/BMP6/VEGFA/INHBA/NRG4/MDK/JAG2/NRG2/VGF/RABEP2
GO:0019902	phosphatase binding	152	0.243367388893459	0.951048158056757	0.575757575757576	0.941515155090435	0.941515155090435	2215	tags=21%, list=17%, signal=18%	STYXL1/PIK3R2/C20orf27/BOD1L1/PTPN1/AKAP5/MAGI2/PPP6R1/KIF3A/CTTNBP2NL/SYTL2/DAB2IP/AP3B1/SPRED1/STRN4/HMGCR/MASTL/WNK1/ANAPC4/MAPT/TERF2IP/MAST2/PIK3R1/SBF2/ARPP19/PPP1R9B/ANAPC7/PPP1R16A/CRY2/BAD/PTK2/MAP2K7
GO:0046873	metal ion transmembrane transporter activity	266	0.231218167467219	0.957327501102243	0.578947368421053	0.941515155090435	0.941515155090435	2588	tags=23%, list=20%, signal=19%	PKD1/ASIC1/AQP1/TRPV1/MFSD2A/KCNK4/SLC6A6/CACNA1D/KCNQ5/KCNE3/KCNT1/PSEN1/GRIK4/TMEM175/KCNAB2/SLC41A2/KCNK1/SLC9A9/KCNH7/MCOLN1/TSPOAP1/KCNH3/SLC20A2/LETM1/ATP1A1/KCNIP4/KCNN3/ORAI2/KCNH1/KCNIP2/SLC5A6/KCNMB3/KCNMA1/KCNN1/TRPV3/RYR2/CACHD1/KCNK10/KCNK6/PKD2/CNNM4/SLC6A11/SLC4A7/TTYH1/CACNB1/SLC12A1/ITPR2/SLC39A10/P2RX4/MCU/TPCN2/GRIK2/TRPC1/SLC24A4/GRIN2A/RYR3/GPM6A/SCN2A/KCNQ2/ASIC2/SLC8A1/CACNB2
GO:0008047	enzyme activator activity	72	0.270886859268311	0.945081969834563	0.579710144927536	0.941515155090435	0.941515155090435	2044	tags=22%, list=16%, signal=19%	PRKRA/NSMAF/NCAPG2/NOXA1/GMFG/MMP17/MGST2/DBNL/RFC1/CFLAR/SLX4/AZIN1/RAMAC/DBF4/SH3PXD2B/PDGFB
GO:0046943	carboxylic acid transmembrane transporter activity	91	0.258602251760391	0.938479109575764	0.581395348837209	0.941515155090435	0.941515155090435	1671	tags=18%, list=13%, signal=15%	ABCB1/SLCO2B1/SLC25A18/MFSD2A/SLC6A6/ABCG2/SLC38A7/SFXN2/SFXN5/SLC47A1/SLC7A5/SLC7A14/SLC38A9/SLC5A6/SLCO1A2/MFSD12
GO:0008093	cytoskeletal anchor activity	18	0.335347166919569	0.898411937924539	0.582463465553236	0.941515155090435	0.941515155090435	2007	tags=28%, list=15%, signal=24%	SORBS2/BIN3/NCK2/GAS2L1/OBSL1
GO:0005227	calcium activated cation channel activity	14	-0.362389568995142	-0.899655604068979	0.583173996175908	0.941515155090435	0.941515155090435	314	tags=21%, list=2%, signal=21%	TMEM63B/TRPM3/TMEM63C
GO:0031420	alkali metal ion binding	13	-0.370084100084646	-0.904340293859151	0.584120982986768	0.941515155090435	0.941515155090435	2560	tags=23%, list=20%, signal=19%	HDAC4/SCN9A/TDG
GO:0015485	cholesterol binding	37	-0.302844950014315	-0.920563927623112	0.585127201565558	0.941515155090435	0.941515155090435	3177	tags=35%, list=24%, signal=27%	SCARB2/OSBP2/STARD3NL/ERLIN1/OSBPL7/PTCH1/STARD5/SCP2/PROM2/ANXA6/STARD4/OSBPL10/GRAMD1A
GO:0031490	chromatin DNA binding	78	-0.269339648183021	-0.942146678945586	0.585551330798479	0.941515155090435	0.941515155090435	2901	tags=31%, list=22%, signal=24%	RBBP4/SRF/REPIN1/MED1/HMGN2/KDM3B/HDAC1/SMARCD2/CREBBP/BCL6/CHD4/DHX9/EP300/MACROH2A2/HNRNPU/PPARGC1A/SMARCA4/KDM3A/RARA/STAT3/KDM6B/HSF1/GATAD2B/MACROH2A1
GO:0051287	NAD binding	47	0.285524583331588	0.927409057431874	0.586497890295359	0.941515155090435	0.941515155090435	2517	tags=21%, list=19%, signal=17%	SORD/GPD1/UXS1/GAPDH/ALDH2/UGDH/GLYR1/SIRT6/ME3/ME2
GO:0120014	phospholipid transfer activity	21	-0.337546486495019	-0.914808200370951	0.586998087954111	0.941515155090435	0.941515155090435	3912	tags=43%, list=30%, signal=30%	CERT1/ABCA3/PITPNM1/C2CD2L/PRELID3A/PLTP/TRIAP1/CPTP/PITPNB
GO:0001222	transcription corepressor binding	29	-0.320509283499227	-0.923251778086856	0.588235294117647	0.941515155090435	0.941515155090435	2236	tags=31%, list=17%, signal=26%	PHF12/CTBP1/STAT1/NR1D1/CTBP2/RORA/ZNF644/HDAC3/CNOT2
GO:0017136	NAD-dependent histone deacetylase activity	15	-0.360518425119136	-0.911499766320107	0.588349514563107	0.941515155090435	0.941515155090435	3490	tags=53%, list=27%, signal=39%	SIRT7/SIRT3/SIRT1/HDAC4/SIRT2/HDAC1/HDAC9/HDAC3
GO:0070006	metalloaminopeptidase activity	19	-0.349825677667785	-0.922175472533003	0.588803088803089	0.941515155090435	0.941515155090435	1743	tags=32%, list=13%, signal=27%	DPP3/XPNPEP3/NPEPPS/METAP1/ERAP1/LTA4H
GO:0017022	myosin binding	48	0.284876827211207	0.931104067468536	0.590534979423868	0.941515155090435	0.941515155090435	3668	tags=38%, list=28%, signal=27%	RAB27B/MYRIP/HAP1/RAB27A/DMD/RAB3B/LIMCH1/ARFGEF1/SPATA6L/MOBP/GIPC1/STX1A/TRPM7/LLGL1/STXBP5L/SPATA6/TRAK1/TRAK2
GO:0003774	cytoskeletal motor activity	61	0.278232546364796	0.937672962316778	0.592436974789916	0.941515155090435	0.941515155090435	1911	tags=23%, list=15%, signal=20%	DNAH14/PIN1/KIF16B/MYO6/KIF13A/KIF3A/MYO9B/KIFC2/KIF27/KIF17/DNHD1/MYO10/SMC3/MYO5A
GO:0015291	secondary active transmembrane transporter activity	133	-0.249010437742364	-0.939395237339837	0.592664092664093	0.941515155090435	0.941515155090435	2873	tags=27%, list=22%, signal=21%	SLC38A2/SLC12A2/CLCN4/SLC25A22/SLC13A3/SLC1A2/SLC24A3/SLC25A1/SLC13A5/SLC25A16/ATP1A3/CTNS/SLC16A1/SLC9A8/SLC35C1/SLC35E3/SLC7A8/SLC36A4/SLC6A15/MFSD3/SLC12A8/SLC11A2/SLC26A11/SLC9A7/SLCO3A1/SLC25A30/SLC26A6/SLC25A14/SLC25A11/CLCN6/SLC12A6/CLCN7/SLC9A1/SLC45A1/SLC36A1/SLC35C2
GO:0001223	transcription coactivator binding	26	0.312794320595057	0.904162997496995	0.595918367346939	0.941515155090435	0.941515155090435	2584	tags=38%, list=20%, signal=31%	MED25/EPAS1/SMAD4/TRERF1/RELA/ZBTB49/CREB1/CCNT2/CDK9/CIT
GO:0030674	protein-macromolecule adaptor activity	241	-0.235381515956984	-0.957046424847407	0.596261682242991	0.941515155090435	0.941515155090435	2870	tags=25%, list=22%, signal=20%	KLHDC10/SHANK2/SPAG9/TIRAP/ATP1B2/NUFIP1/DDB1/FLRT2/SARM1/PEF1/ABI2/AP2A2/LPL/ARRDC4/BBS4/HERPUD1/AP1M1/APH1B/STX1B/NMD3/ERCC2/AP2B1/ZC3H18/STX8/STX4/SRRT/GAS2/NUP62/GNB5/IQGAP1/STX16/ZSWIM8/GAS6/VAMP2/POLD3/DEDD2/AP2A1/MMS19/SORBS1/RPTOR/NCSTN/KSR1/STAT3/DVL2/TCAP/SNAP23/TCOF1/USE1/SUN2/SLC9A1/BAIAP2/ARPC4/AP1G2/SH2B1/TSNARE1/AP1S3/COL11A1/SPTBN4/STON1/ZDHHC11
GO:0004364	glutathione transferase activity	14	-0.360236996860068	-0.894311704160789	0.596558317399618	0.941515155090435	0.941515155090435	3040	tags=43%, list=23%, signal=33%	GSTZ1/GSTO1/GSTM2/GSTM4/GSTM3/MGST1
GO:0004536	deoxyribonuclease activity	47	-0.289458750856768	-0.923670833536256	0.596590909090909	0.941515155090435	0.941515155090435	1638	tags=21%, list=12%, signal=19%	MRE11/DCLRE1A/ERCC4/MUS81/TATDN1/SETMAR/FAN1/DNA2/EXD2/ENDOV
GO:0046906	tetrapyrrole binding	62	0.274229593740448	0.928742102532249	0.596638655462185	0.941515155090435	0.941515155090435	2173	tags=24%, list=17%, signal=20%	HEBP2/CYBB/GUCY1A1/GUCY1A2/CYP2R1/CYP2E1/HMOX1/FLVCR1/CYP4X1/CYB561D2/RSAD1/DGCR8/JAK2/NOX5/CYB5D2
GO:0043015	gamma-tubulin binding	29	-0.318687837262182	-0.918004961337333	0.598039215686275	0.941515155090435	0.941515155090435	2320	tags=31%, list=18%, signal=26%	CEP70/PIFO/RAB11FIP5/RACGAP1/TUBGCP6/OFD1/GIT1/DIXDC1/TUBGCP4
GO:0004602	glutathione peroxidase activity	14	-0.359544618951332	-0.892592831105322	0.598470363288719	0.941515155090435	0.941515155090435	650	tags=29%, list=5%, signal=27%	GSTZ1/GSTM2/MGST3/MGST1
GO:0016835	carbon-oxygen lyase activity	58	-0.276214768725957	-0.921177681589919	0.6	0.941515155090435	0.941515155090435	2442	tags=28%, list=19%, signal=23%	ENO2/DGLUCY/IREB2/ECHS1/NEIL1/HACD3/ALKBH1/GMDS/HACD1/FASN/PTGIS/FAHD2A/PCBD1/UROS/POLL/ENO1
GO:0055106	ubiquitin-protein transferase regulator activity	20	0.325773640125336	0.89503953212976	0.600409836065574	0.941515155090435	0.941515155090435	3451	tags=25%, list=26%, signal=18%	FBXW7/BTRC/TRIB1/FZR1/BMI1
GO:0046875	ephrin receptor binding	24	0.318444946901187	0.897583142317001	0.601694915254237	0.941515155090435	0.941515155090435	1474	tags=21%, list=11%, signal=19%	PTPN1/SIPA1L1/ANKS1B/ABL1/EPHA4
GO:0016903	oxidoreductase activity, acting on the aldehyde or oxo group of donors	30	-0.308975720885303	-0.906286242571475	0.603809523809524	0.941515155090435	0.941515155090435	2213	tags=30%, list=17%, signal=25%	ALDH6A1/ALDH1A2/ALDH7A1/FAR2/AKR1B1/ALDH8A1/ALDH5A1/BCKDHB/BCKDHA
GO:0001653	peptide receptor activity	48	-0.287058754613209	-0.916065958859239	0.604651162790698	0.941515155090435	0.941515155090435	1945	tags=12%, list=15%, signal=11%	LTB4R/LGR4/INPP5K/NPR2/SORCS3/OPRK1
GO:0008324	cation transmembrane transporter activity	404	0.21987636714309	0.95757497064891	0.606194690265487	0.941515155090435	0.941515155090435	2970	tags=25%, list=23%, signal=20%	PKD1/ASIC1/GRIA4/AQP1/SLC25A18/SURF1/ANO6/TRPV1/MFSD2A/KCNK4/SLC25A26/ATP13A3/SLC6A6/COX7A1/CACNA1D/KCNQ5/KCNE3/SLC38A7/SFXN2/KCNT1/PSEN1/GRIK4/TMEM175/KCNAB2/SLC41A2/KCNK1/SLC9A9/KCNH7/MCOLN1/TSPOAP1/SLC47A1/KCNH3/SLC20A2/SLC7A5/LETM1/ATP1A1/KCNIP4/SLC33A1/KCNN3/ORAI2/KCNH1/KCNIP2/SLC38A9/SLC5A6/MFSD12/KCNMB3/TMEM63A/KCNMA1/KCNN1/TRPV3/RYR2/CACHD1/KCNK10/KCNK6/PKD2/CNNM4/ATP6V1H/SLC6A11/SLC2A13/SLC4A7/NOX5/ATP6V1F/SLC15A2/TTYH1/CACNB1/SLC45A4/SLC12A1/ITPR2/SLC39A10/P2RX4/MCU/TPCN2/GRIK2/SLC25A45/TRPC1/SLC24A4/P2RX6/GRIN2A/SLC15A4/RYR3/SLC25A3/GPM6A/SCN2A/KCNQ2/ASIC2/SLC8A1/CACNB2/CNGA3/ATP6V1E2/CNR1/TUSC3/SLC30A10/SLC46A1/SLC24A1/TRPC4/TRPM7/CYTB/SLC8B1/SLC17A5/CATSPER2/SCN4B
GO:0016408	C-acyltransferase activity	13	-0.362813083570083	-0.886572783150285	0.606805293005671	0.941515155090435	0.941515155090435	4631	tags=46%, list=35%, signal=30%	ACAT2/SPTSSB/SPTLC3/ACAA1/SCP2/SPTLC1
GO:0001664	G protein-coupled receptor binding	134	0.241811198124435	0.932248727134516	0.607515657620042	0.941515155090435	0.941515155090435	1546	tags=14%, list=12%, signal=13%	EDN1/RPGRIP1L/DVL1/PALM/TUB/ARRDC3/AKAP5/MAGI2/HOMER3/PDE4D/HOMER1/ARRB2/RAPGEF2/GNAI2/GNA14/TYK2/DNM1/GRK2/ZNRF3
GO:0005272	sodium channel activity	30	-0.308195967267764	-0.903999072647099	0.60952380952381	0.941515155090435	0.941515155090435	2206	tags=40%, list=17%, signal=33%	SCN2B/TRPM2/SCN8A/GRIK5/SCN9A/SCN1A/ASIC3/HCN4/TPCN1/CACNA1I/SCN3A/SCNN1D
GO:0004551	nucleotide diphosphatase activity	15	0.353433557033839	0.893403645338822	0.609856262833676	0.941515155090435	0.941515155090435	3272	tags=20%, list=25%, signal=15%	NUDT12/FHIT/ITPA
GO:0005283	amino acid:sodium symporter activity	11	-0.392073930759385	-0.907937543566183	0.610671936758893	0.941515155090435	0.941515155090435	4537	tags=73%, list=35%, signal=48%	SLC6A1/SLC6A12/SLC6A13/SLC1A3/SLC38A1/SLC38A2/SLC1A2/SLC6A15
GO:0036002	pre-mRNA binding	38	-0.296072616227306	-0.907300652733665	0.61598440545809	0.941515155090435	0.941515155090435	2482	tags=37%, list=19%, signal=30%	U2AF1L4/HNRNPA1/RBM24/PTBP1/RBM41/TARDBP/CELF1/EP300/ZRSR2/HNRNPU/CELF4/DDX5/CELF2/RNPC3
GO:0043024	ribosomal small subunit binding	17	0.338982946100385	0.893494878043816	0.616326530612245	0.941515155090435	0.941515155090435	1284	tags=18%, list=10%, signal=16%	DHX29/MTIF3/PTCD3
GO:0005005	transmembrane-ephrin receptor activity	12	-0.365137159153853	-0.877528880442066	0.616412213740458	0.941515155090435	0.941515155090435	982	tags=17%, list=7%, signal=15%	EPHB2/EPHB1
GO:0004222	metalloendopeptidase activity	49	0.285076402982368	0.932172161422338	0.617768595041322	0.941515155090435	0.941515155090435	2245	tags=24%, list=17%, signal=20%	ADAM32/OMA1/ECE2/MIPEP/MMP17/LMLN/PAPPA2/ADAMTS1/ADAM11/TLL1/ATP23/ADAMTS8
GO:0003906	DNA-(apurinic or apyrimidinic site) endonuclease activity	10	0.387871524926425	0.891974975200498	0.618	0.941515155090435	0.941515155090435	3067	tags=40%, list=23%, signal=31%	POLB/OGG1/APLF/NEIL2
GO:0140035	ubiquitination-like modification-dependent protein binding	13	-0.35898854862872	-0.87722712076718	0.618147448015123	0.941515155090435	0.941515155090435	2524	tags=46%, list=19%, signal=37%	DAXX/DNAJB2/PML/IDE/FAN1/TP53BP1
GO:0005164	tumor necrosis factor receptor binding	18	-0.341271962505328	-0.892591835518961	0.619502868068834	0.941515155090435	0.941515155090435	1949	tags=44%, list=15%, signal=38%	TNFSF13B/TRAF1/TRAF5/TRAF6/BABAM2/TRIM37/STAT1/TRAP1
GO:0022890	inorganic cation transmembrane transporter activity	369	0.222911331117554	0.960263288902511	0.619589977220957	0.941515155090435	0.941515155090435	2970	tags=25%, list=23%, signal=20%	PKD1/ASIC1/GRIA4/AQP1/SLC25A18/SURF1/ANO6/TRPV1/MFSD2A/KCNK4/ATP13A3/SLC6A6/COX7A1/CACNA1D/KCNQ5/KCNE3/KCNT1/PSEN1/GRIK4/TMEM175/KCNAB2/SLC41A2/KCNK1/SLC9A9/KCNH7/MCOLN1/TSPOAP1/SLC47A1/KCNH3/SLC20A2/LETM1/ATP1A1/KCNIP4/SLC33A1/KCNN3/ORAI2/KCNH1/KCNIP2/SLC5A6/KCNMB3/TMEM63A/KCNMA1/KCNN1/TRPV3/RYR2/CACHD1/KCNK10/KCNK6/PKD2/CNNM4/ATP6V1H/SLC6A11/SLC2A13/SLC4A7/NOX5/ATP6V1F/SLC15A2/TTYH1/CACNB1/SLC45A4/SLC12A1/ITPR2/SLC39A10/P2RX4/MCU/TPCN2/GRIK2/TRPC1/SLC24A4/P2RX6/GRIN2A/SLC15A4/RYR3/SLC25A3/GPM6A/SCN2A/KCNQ2/ASIC2/SLC8A1/CACNB2/CNGA3/ATP6V1E2/CNR1/TUSC3/SLC30A10/SLC46A1/SLC24A1/TRPC4/TRPM7/CYTB/SLC8B1/SLC17A5/CATSPER2/SCN4B
GO:0034062	5'-3' RNA polymerase activity	40	-0.290115009400973	-0.899543860235835	0.620423892100193	0.941515155090435	0.941515155090435	1442	tags=20%, list=11%, signal=18%	POLR2A/POLR3G/POLR1B/POLR1C/POLR1D/RPAP1/POLR3A/POLR2J2
GO:0097747	RNA polymerase activity	40	-0.290115009400973	-0.899543860235835	0.620423892100193	0.941515155090435	0.941515155090435	1442	tags=20%, list=11%, signal=18%	POLR2A/POLR3G/POLR1B/POLR1C/POLR1D/RPAP1/POLR3A/POLR2J2
GO:0005484	SNAP receptor activity	32	-0.306100887240698	-0.905897373030568	0.620889748549323	0.941515155090435	0.941515155090435	2118	tags=25%, list=16%, signal=21%	STX1B/STX8/STX4/STX16/VAMP2/SNAP23/USE1/TSNARE1
GO:0051787	misfolded protein binding	25	-0.319826247102408	-0.896110133943289	0.621621621621622	0.941515155090435	0.941515155090435	3861	tags=40%, list=29%, signal=28%	STUB1/BAG6/DNAJC10/HSPA1B/TOR1A/HSPA9/SDF2/CLU/EDEM1/CLUL1
GO:0015175	neutral amino acid transmembrane transporter activity	24	0.313892511540311	0.884751444793856	0.622881355932203	0.941515155090435	0.941515155090435	1671	tags=25%, list=13%, signal=22%	SLC6A6/SLC38A7/SFXN2/SLC7A5/SLC38A9/MFSD12
GO:0003707	steroid hormone receptor activity	17	-0.347696895885923	-0.895435636632446	0.625	0.941515155090435	0.941515155090435	1876	tags=24%, list=14%, signal=20%	NR1D1/RXRB/NR2C1/NR4A3
GO:0043027	cysteine-type endopeptidase inhibitor activity involved in apoptotic process	11	0.373442180736296	0.886906976694268	0.625	0.941515155090435	0.941515155090435	2510	tags=36%, list=19%, signal=29%	BIRC3/MT3/RPS6KA3/XIAP
GO:0001530	lipopolysaccharide binding	14	-0.351401504423866	-0.872377021253168	0.627151051625239	0.941515155090435	0.941515155090435	1115	tags=21%, list=9%, signal=20%	DROSHA/SPON2/ADGRB1
GO:0015248	sterol transporter activity	27	-0.315273791185933	-0.895454510433439	0.628458498023715	0.941515155090435	0.941515155090435	1224	tags=30%, list=9%, signal=27%	OSBP2/PLTP/OSBPL7/STARD5/STARD4/ABCG4/OSBPL10/GRAMD1A
GO:0051082	unfolded protein binding	97	-0.254326925290385	-0.921209192379357	0.629770992366412	0.941515155090435	0.941515155090435	3266	tags=29%, list=25%, signal=22%	HSPA1B/TOR1A/PPIB/HSPA9/NDUFAF1/TUBB4B/SRSF10/DNAJA4/CHAF1B/SPG7/CCT8/SHQ1/DNAJB2/CLU/TCP1/DNAJA3/TAPBP/DNAJC4/ERO1B/SYVN1/DNAJB4/NAP1L4/CRYAB/DNAJB6/PFDN4/TMEM67/SIL1/TRAP1
GO:0005342	organic acid transmembrane transporter activity	92	0.253059413233691	0.921146730269724	0.631027253668763	0.941515155090435	0.941515155090435	1671	tags=17%, list=13%, signal=15%	ABCB1/SLCO2B1/SLC25A18/MFSD2A/SLC6A6/ABCG2/SLC38A7/SFXN2/SFXN5/SLC47A1/SLC7A5/SLC7A14/SLC38A9/SLC5A6/SLCO1A2/MFSD12
GO:0015662	P-type ion transporter activity	15	-0.348918688992652	-0.882172120263816	0.631067961165049	0.941515155090435	0.941515155090435	3212	tags=40%, list=24%, signal=30%	ATP2B2/ATP2A2/ATP2C1/ATP1A3/ATP2B3/ATP7B
GO:0140358	P-type transmembrane transporter activity	15	-0.348918688992652	-0.882172120263816	0.631067961165049	0.941515155090435	0.941515155090435	3212	tags=40%, list=24%, signal=30%	ATP2B2/ATP2A2/ATP2C1/ATP1A3/ATP2B3/ATP7B
GO:0003823	antigen binding	22	-0.322344645835025	-0.888948339341942	0.631578947368421	0.941515155090435	0.941515155090435	2047	tags=41%, list=16%, signal=35%	KLRD1/TAPBP/EP400/SLC7A8/DHCR24/PPP2R1A/HLA-F/SPON2/TAP2
GO:0046915	transition metal ion transmembrane transporter activity	30	-0.305482643984131	-0.89604036457593	0.632380952380952	0.941515155090435	0.941515155090435	1174	tags=33%, list=9%, signal=30%	SLC30A4/SLC30A6/SLC30A5/TRPM2/ATP2C1/SLC25A37/SLC11A2/ATP13A1/ATP7B/SLC39A11
GO:0016289	CoA hydrolase activity	17	-0.34373337239298	-0.885228239833094	0.6328125	0.941515155090435	0.941515155090435	3487	tags=53%, list=27%, signal=39%	PPT1/ACOT7/BAAT/ACOT2/ACOT1/ACOT8/HIBCH/ABCD3/PLA2G6
GO:0003725	double-stranded RNA binding	62	-0.270810484546226	-0.912310387905806	0.633079847908745	0.941515155090435	0.941515155090435	2165	tags=24%, list=17%, signal=20%	ACTN1/AGO3/OAS3/ADARB1/DHX33/DHX9/RFTN1/PRKRIP1/VIM/ILF3/DHX30/HNRNPU/DROSHA/DUS2/ZNF346
GO:0031078	histone deacetylase activity (H3-K14 specific)	10	-0.388504694296094	-0.879430247697163	0.635458167330677	0.941515155090435	0.941515155090435	2560	tags=40%, list=20%, signal=32%	HDAC4/HDAC1/HDAC9/HDAC3
GO:0032041	NAD-dependent histone deacetylase activity (H3-K14 specific)	10	-0.388504694296094	-0.879430247697163	0.635458167330677	0.941515155090435	0.941515155090435	2560	tags=40%, list=20%, signal=32%	HDAC4/HDAC1/HDAC9/HDAC3
GO:0032813	tumor necrosis factor receptor superfamily binding	31	0.301345520580418	0.893211594868464	0.636174636174636	0.941515155090435	0.941515155090435	1318	tags=13%, list=10%, signal=12%	CASP8AP2/RIPK1/DAB2IP/CFLAR
GO:0102991	myristoyl-CoA hydrolase activity	11	-0.383072146648592	-0.887091837917158	0.636363636363636	0.941515155090435	0.941515155090435	3487	tags=55%, list=27%, signal=40%	ACOT7/BAAT/ACOT2/ACOT1/ACOT8/PLA2G6
GO:0031681	G-protein beta-subunit binding	12	-0.35653257360103	-0.856849603798916	0.637404580152672	0.941515155090435	0.941515155090435	2486	tags=42%, list=19%, signal=34%	GNG5/RASD2/RGS7/RGS11/GNG4
GO:0004896	cytokine receptor activity	37	0.289580167608836	0.896101291554041	0.637474541751528	0.941515155090435	0.941515155090435	2787	tags=24%, list=21%, signal=19%	IL11RA/CD74/IL10RA/IL1RAP/ACKR2/IL6ST/CX3CR1/IFNGR1/IL10RB
GO:0070063	RNA polymerase binding	55	-0.271675790128584	-0.89572579597511	0.637931034482759	0.941515155090435	0.941515155090435	1551	tags=42%, list=12%, signal=37%	CCAR2/SCAF1/ERBB2/AGO1/PPIB/GTF2B/RPRD2/YTHDC2/ELP4/SMYD3/RPRD1B/DHX9/CTR9/MAF1/BRD4/WAC/SCAF4/HNRNPU/ELP2/RRN3/RECQL5/PAF1/TCERG1L
GO:0004143	diacylglycerol kinase activity	10	0.378834500885617	0.871192837877539	0.638	0.941515155090435	0.941515155090435	1635	tags=40%, list=12%, signal=35%	DGKA/DGKB/DGKD/DGKZ
GO:0016796	exonuclease activity, active with either ribo- or deoxyribonucleic acids and producing 5'-phosphomonoesters	53	-0.275966331980057	-0.905555725697428	0.639312977099237	0.941515155090435	0.941515155090435	3052	tags=32%, list=23%, signal=25%	DIS3L2/ISG20L2/REXO2/DIS3L/EXOSC10/TOE1/CNOT7/PAN2/MRE11/DCLRE1A/USB1/TATDN1/EXOSC5/CNOT8/EXD2/CNOT2/EXOSC7
GO:0031210	phosphatidylcholine binding	20	-0.334141539710309	-0.890072403348239	0.640077821011673	0.941515155090435	0.941515155090435	3406	tags=45%, list=26%, signal=33%	PITPNM1/SCARB2/PCYT1A/PLTP/PCYT1B/ESYT3/PCTP/PITPNB/ESYT1
GO:0008235	metalloexopeptidase activity	39	0.286878475729433	0.898010426055894	0.64033264033264	0.941515155090435	0.941515155090435	1345	tags=21%, list=10%, signal=18%	NAALAD2/NPEPL1/AOPEP/MMP17/QPCTL/METAP1D/AGBL5/VASH1
GO:0008474	palmitoyl-(protein) hydrolase activity	12	-0.355896911011105	-0.855321925043435	0.641221374045801	0.941515155090435	0.941515155090435	3896	tags=50%, list=30%, signal=35%	LYPLA2/PPT1/ABHD17B/PPT2/ABHD17C/ABHD16A
GO:0098599	palmitoyl hydrolase activity	12	-0.355896911011105	-0.855321925043435	0.641221374045801	0.941515155090435	0.941515155090435	3896	tags=50%, list=30%, signal=35%	LYPLA2/PPT1/ABHD17B/PPT2/ABHD17C/ABHD16A
GO:0022821	potassium ion antiporter activity	11	-0.382462378681259	-0.885679779662397	0.642292490118577	0.941632508661494	0.941632508661494	2481	tags=55%, list=19%, signal=44%	SLC9A2/SLC24A2/SLC24A3/SLC9A8/SLC9A7/SLC9A1
GO:0016846	carbon-sulfur lyase activity	10	-0.385662400623102	-0.872996351104495	0.643426294820717	0.941841263605056	0.941841263605056	1418	tags=40%, list=11%, signal=36%	KYAT3/GSTM4/KYAT1/MGST3
GO:0008236	serine-type peptidase activity	54	-0.274678147081684	-0.900696382713887	0.646153846153846	0.942549089790203	0.942549089790203	3076	tags=37%, list=23%, signal=28%	PREP/PREPL/RHBDD3/DPP10/C1S/DPP8/SCPEP1/RHBDL1/CTSA/APEH/NUP98/CPD/PCSK5/CLPP/TMPRSS5/MBTPS1/PRSS3/PARL/RHBDD1/DPP9
GO:0001540	amyloid-beta binding	64	-0.268964692993737	-0.912700062749248	0.646728971962617	0.942549089790203	0.942549089790203	1262	tags=23%, list=10%, signal=21%	SORL1/CACNA1B/ATP1A3/CLU/IDE/LRP8/CRYAB/EPHB2/COL25A1/APBB2/PFDN4/LRP1/GRIN1/APBB3/CACNA1A
GO:0070851	growth factor receptor binding	71	0.260813141154864	0.908764695988568	0.648261758691207	0.942549089790203	0.942549089790203	2232	tags=23%, list=17%, signal=19%	RNF126/TLR5/TNK2/PSEN1/CD2AP/DAB2IP/IL1RAP/KL/PIBF1/FLRT3/PDGFD/JAK2/VEGFB/PDGFB/PDGFC/IL6ST
GO:0008200	ion channel inhibitor activity	24	0.306898735492294	0.865038475431561	0.648305084745763	0.942549089790203	0.942549089790203	3061	tags=29%, list=23%, signal=22%	ANKRD36C/WNK1/NEDD4L/WNK3/ENSA/STX1A/FKBP1B
GO:0005092	GDP-dissociation inhibitor activity	15	0.344550938521436	0.870950305520908	0.648870636550308	0.942549089790203	0.942549089790203	4285	tags=53%, list=33%, signal=36%	GPSM2/RGS14/CHM/RANBP1/GPSM1/ARHGDIA/EIF5/ARHGDIG
GO:0005246	calcium channel regulator activity	28	0.296675210155197	0.869842483479454	0.651209677419355	0.944502585570057	0.944502585570057	3314	tags=32%, list=25%, signal=24%	HPCAL4/SGK1/PRKG1/NRXN1/PRKCB/STX1A/FKBP1B/GRM2/CACNG7
GO:0015605	organophosphate ester transmembrane transporter activity	25	-0.312740558824547	-0.876256988276601	0.652509652509653	0.944945380920991	0.944945380920991	361	tags=20%, list=3%, signal=19%	SLC25A19/SLC25A42/SLC25A36/SLC25A17/SLC25A23
GO:0015101	organic cation transmembrane transporter activity	15	-0.342333167421603	-0.865521927222717	0.654368932038835	0.945609863142586	0.945609863142586	2608	tags=40%, list=20%, signal=32%	SLC25A19/SLC25A42/SLC29A4/SLC7A8/SLC44A2/SLC25A17
GO:0034185	apolipoprotein binding	10	-0.379274981812151	-0.858537608676072	0.655378486055777	0.945609863142586	0.945609863142586	1262	tags=60%, list=10%, signal=54%	SCARB1/LRP4/LPL/LRP8/VLDLR/LRP1
GO:0042577	lipid phosphatase activity	13	-0.346858566987162	-0.847586206283893	0.655954631379962	0.945609863142586	0.945609863142586	3210	tags=46%, list=24%, signal=35%	PLPPR5/SGPP2/PLPP5/PLPP1/SGPP1/INPP5K
GO:0004860	protein kinase inhibitor activity	60	0.268365223834409	0.905603666593393	0.659043659043659	0.945833543378535	0.945833543378535	3056	tags=28%, list=23%, signal=22%	HYAL2/NCAPG2/GMFG/PRKAR2A/SPRED1/DUSP19/WNK1/PRKAR1A/INKA2/CEP43/ITPRIP/CIT/MAPK8IP1/TRIB1/IBTK/CAMK2N1/MBIP
GO:0031492	nucleosomal DNA binding	31	0.294517379574774	0.872972453082348	0.659043659043659	0.945833543378535	0.945833543378535	2080	tags=26%, list=16%, signal=22%	MBD3/HMGN4/HNRNPC/SMARCB1/HMGN5/SMARCC1/MTA2/SMARCC2
GO:0008528	G protein-coupled peptide receptor activity	45	-0.279200206333217	-0.884131139169869	0.659615384615385	0.945833543378535	0.945833543378535	1945	tags=11%, list=15%, signal=9%	LTB4R/LGR4/INPP5K/SORCS3/OPRK1
GO:0140142	nucleocytoplasmic carrier activity	29	-0.308634467268126	-0.889045451580107	0.66078431372549	0.945833543378535	0.945833543378535	2844	tags=28%, list=22%, signal=22%	TNPO1/KPNA6/XPO4/EIF4ENIF1/KPNA3/XPO6/IPO11/NUP214
GO:0015929	hexosaminidase activity	12	0.356427223340352	0.863302634770612	0.661087866108787	0.945833543378535	0.945833543378535	964	tags=25%, list=7%, signal=23%	HYAL2/CEMIP2/NAGPA
GO:0050661	NADP binding	38	-0.286081229418845	-0.876682516248962	0.666666666666667	0.94749177105505	0.94749177105505	2903	tags=34%, list=22%, signal=27%	CRYZL1/G6PD/GRHPR/DECR1/TM7SF2/QDPR/IDH1/NNT/LBR/GMDS/POR/DUS2/DHCR7
GO:0015556	C4-dicarboxylate transmembrane transporter activity	14	-0.340502199629053	-0.845318790338025	0.667304015296367	0.94749177105505	0.94749177105505	3220	tags=50%, list=25%, signal=38%	SLC25A10/SLC25A22/SLC13A3/SLC13A5/SLC25A30/SLC25A14/SLC25A11
GO:0015271	outward rectifier potassium channel activity	11	0.363051808419556	0.862230348896094	0.667338709677419	0.94749177105505	0.94749177105505	1932	tags=27%, list=15%, signal=23%	KCNT1/KCNIP2/PKD2
GO:0060090	molecular adaptor activity	298	0.225078667783319	0.943879986907104	0.667405764966741	0.94749177105505	0.94749177105505	2920	tags=29%, list=22%, signal=23%	SORBS2/AP2M1/SEPTIN11/ANAPC1/BIN3/GATAD2A/GRB10/SHANK3/FBXW7/SNAP29/PCNT/DLG5/AKAP5/MAGI2/STX3/PDE4DIP/MPP7/SNAP47/HOMER1/MAGI1/COL11A2/DDX20/DAB2IP/AKAP13/AP4E1/ANKRD9/SMARCD1/NCK2/SEC22B/DUSP19/FLRT3/VHL/ITSN1/RGS14/BTRC/ARRDC1/MAPT/AXIN1/OPTN/SUN1/GNB3/COL19A1/SYNE1/SYNE2/PIK3R1/CNOT1/DISC1/PAG1/UBXN8/GAS2L1/AKAP9/CUX1/LRRK2/DLGAP3/DGCR8/DLGAP1/OBSL1/ICE1/HIP1R/DLGAP4/GNB1/HCFC1/ITSN2/FRMD4A/MYH9/PKP2/DCAF7/SEPTIN2/STX5/SAV1/EIF4G1/RAD50/PPP4R2/SEPTIN5/MAPK8IP1/VTI1B/IRS1/CNTLN/RB1CC1/LAMTOR1/STX1A/STX17/SKP1/BET1L/PTPN11
GO:0016854	racemase and epimerase activity	13	-0.341884937284425	-0.835432607288717	0.669187145557656	0.94749177105505	0.94749177105505	848	tags=31%, list=6%, signal=29%	SRR/DSE/GFUS/GALE
GO:0048027	mRNA 5'-UTR binding	23	0.306915392804554	0.8617580461993	0.669473684210526	0.94749177105505	0.94749177105505	3720	tags=39%, list=28%, signal=28%	SHMT1/UTP23/GNL3/SYNCRIP/RPL26/SHMT2/DHX36/NCL/CCT5
GO:0005125	cytokine activity	54	0.270006306349381	0.887441169193733	0.672199170124481	0.94749177105505	0.94749177105505	2467	tags=15%, list=19%, signal=12%	EDN1/IL34/HMGB1/FAM3C/NAMPT/BMP8A/WNT5B/WNT5A
GO:0034979	NAD-dependent protein deacetylase activity	16	-0.338079594935409	-0.857253737130585	0.673306772908367	0.94749177105505	0.94749177105505	3490	tags=50%, list=27%, signal=37%	SIRT7/SIRT3/SIRT1/HDAC4/SIRT2/HDAC1/HDAC9/HDAC3
GO:0015144	carbohydrate transmembrane transporter activity	17	-0.334210458476535	-0.860703555873401	0.673828125	0.94749177105505	0.94749177105505	796	tags=35%, list=6%, signal=33%	SLC50A1/SLC23A2/SLC2A3/SLC2A11/SLC45A1/SLC2A6
GO:0008227	G protein-coupled amine receptor activity	16	0.328508915146175	0.857784454821572	0.674	0.94749177105505	0.94749177105505	5146	tags=44%, list=39%, signal=27%	ZNF219/ADRA1A/HRH2/HTR2A/HTR4/ADRA1B/ADRB2
GO:0042887	amide transmembrane transporter activity	23	0.304924475707404	0.856167942646307	0.675789473684211	0.94749177105505	0.94749177105505	2840	tags=48%, list=22%, signal=38%	ABCG2/SLC38A7/SLC47A1/SLC33A1/SLC5A6/SLC15A2/ABCC5/SLC27A1/SLC15A4/ABCC4/SLC46A1
GO:0016811	hydrolase activity, acting on carbon-nitrogen (but not peptide) bonds, in linear amides	54	-0.26908593609019	-0.882358978501262	0.676923076923077	0.94749177105505	0.94749177105505	2560	tags=26%, list=20%, signal=21%	TGM2/SIRT1/HDAC4/SIRT2/HDAC1/NIT1/GLS2/HDAC9/NAAA/BTD/SUDS3/HDAC3/NADSYN1/MIER2
GO:0050660	flavin adenine dinucleotide binding	64	-0.264275448380649	-0.896787662482231	0.678504672897196	0.94749177105505	0.94749177105505	2172	tags=30%, list=17%, signal=25%	MAOA/CYB5R1/ACOX1/ACAD11/ILVBL/D2HGDH/MAOB/ACADM/ERO1B/POR/DHCR24/IVD/ACAD10/AGPS/ACADVL/PPOX/AIFM2/DUS2/PYROXD1
GO:0005545	1-phosphatidylinositol binding	12	-0.344590032979701	-0.828148267771231	0.681297709923664	0.94749177105505	0.94749177105505	534	tags=25%, list=4%, signal=24%	WDFY3/EPB41/ZFYVE1
GO:0048306	calcium-dependent protein binding	49	-0.275418304298467	-0.885109326861169	0.681467181467181	0.94749177105505	0.94749177105505	2598	tags=29%, list=20%, signal=23%	PDCD6IP/PEF1/CPNE3/CALM2/S100A1/SYN1/ANXA6/VAMP2/LRP8/VLDLR/CLN3/DDX5/SLC9A1/S100PBP
GO:0004175	endopeptidase activity	184	0.232151799342771	0.92594515059294	0.681720430107527	0.94749177105505	0.94749177105505	2330	tags=23%, list=18%, signal=19%	USP40/ADAM32/USP37/OMA1/CASP2/CASP10/USP34/ECE2/PCSK7/FURIN/MALT1/SPPL2B/MIPEP/PSEN1/MMP17/CAPN7/USP13/LGMN/LMLN/C1RL/PAPPA2/CFLAR/ADAMTS1/CTSH/TASP1/USP25/ADAM11/RHBDL3/LONP2/USP49/TPP2/CAPN10/CTSB/USP8/IMMP1L/TLL1/ATP23/USP36/NRIP3/ADAMTS8/USP12/ATG4A
GO:0071813	lipoprotein particle binding	16	0.326911318491967	0.853612898093972	0.682	0.94749177105505	0.94749177105505	1965	tags=31%, list=15%, signal=27%	COLEC12/CDH13/LDLR/MAPT/APOL2
GO:0071814	protein-lipid complex binding	16	0.326911318491967	0.853612898093972	0.682	0.94749177105505	0.94749177105505	1965	tags=31%, list=15%, signal=27%	COLEC12/CDH13/LDLR/MAPT/APOL2
GO:0017075	syntaxin-1 binding	20	0.308637754878622	0.847959925848702	0.682377049180328	0.94749177105505	0.94749177105505	1787	tags=25%, list=14%, signal=22%	CPLX2/DAPK1/SYT1/UNC13C/LRRK2
GO:0046965	retinoid X receptor binding	14	-0.336394444618316	-0.835121022157778	0.682600382409178	0.94749177105505	0.94749177105505	850	tags=21%, list=6%, signal=20%	FUS/NR4A2/RARG
GO:0035255	ionotropic glutamate receptor binding	25	0.295539740856821	0.843436675138075	0.685950413223141	0.94749177105505	0.94749177105505	812	tags=12%, list=6%, signal=11%	SHANK3/CANX/OPHN1
GO:0050321	tau-protein kinase activity	22	-0.309977700878279	-0.854843305105826	0.68609022556391	0.94749177105505	0.94749177105505	3325	tags=45%, list=25%, signal=34%	MARK3/GSK3A/TAOK2/DYRK1A/CSNK1D/MARK2/MARK1/TTBK2/SIK3/FYN
GO:0070402	NADPH binding	13	-0.335235067809543	-0.819182936163521	0.688090737240076	0.94749177105505	0.94749177105505	3842	tags=54%, list=29%, signal=38%	MTRR/CRYZ/GRHPR/DECR1/QDPR/LBR/DUS2
GO:0015026	coreceptor activity	23	0.299360971789587	0.840546718104815	0.690526315789474	0.94749177105505	0.94749177105505	3216	tags=30%, list=25%, signal=23%	IGSF1/NRP1/TGFBR3/RECK/CD8A/ROR1/LRP6
GO:0019706	protein-cysteine S-palmitoyltransferase activity	24	0.296456739255598	0.83560619872125	0.690677966101695	0.94749177105505	0.94749177105505	1263	tags=21%, list=10%, signal=19%	ZDHHC11B/ZDHHC15/ZDHHC6/ZDHHC7/ZDHHC3
GO:0019707	protein-cysteine S-acyltransferase activity	24	0.296456739255598	0.83560619872125	0.690677966101695	0.94749177105505	0.94749177105505	1263	tags=21%, list=10%, signal=19%	ZDHHC11B/ZDHHC15/ZDHHC6/ZDHHC7/ZDHHC3
GO:0015095	magnesium ion transmembrane transporter activity	15	-0.332142353862734	-0.839756464127589	0.69126213592233	0.94749177105505	0.94749177105505	3243	tags=53%, list=25%, signal=40%	SLC41A1/MRS2/ZDHHC13/CNNM2/NIPA2/ZDHHC17/NIPAL1/NIPA1
GO:0002020	protease binding	80	0.25114456287124	0.890444804761632	0.691666666666667	0.94749177105505	0.94749177105505	2211	tags=18%, list=17%, signal=15%	A2M/CHMP3/FURIN/MALT1/BIN1/CFLAR/LDLR/DERL2/TRIP4/LONP2/MBP/NDUFS7/SLC2A13/LCOR
GO:0005521	lamin binding	15	-0.331762486461066	-0.838796044288468	0.693203883495146	0.94749177105505	0.94749177105505	1844	tags=33%, list=14%, signal=29%	LBR/TOR1AIP1/AKAP8L/SUN2/TMEM201
GO:0016620	oxidoreductase activity, acting on the aldehyde or oxo group of donors, NAD or NADP as acceptor	26	0.294262850851801	0.85059594679348	0.693877551020408	0.94749177105505	0.94749177105505	1601	tags=19%, list=12%, signal=17%	ALDH18A1/HSD17B12/GAPDH/ALDH2/ALDH3A2
GO:0005310	dicarboxylic acid transmembrane transporter activity	19	-0.320207670939182	-0.84409944468815	0.694980694980695	0.94749177105505	0.94749177105505	974	tags=42%, list=7%, signal=39%	SLC25A10/SLC25A22/SLC13A3/SLC13A5/SLC25A30/SLC26A6/SLC25A14/SLC25A11
GO:0004842	ubiquitin-protein transferase activity	341	-0.221297105041422	-0.940940867831354	0.695035460992908	0.94749177105505	0.94749177105505	3451	tags=30%, list=26%, signal=22%	CUL4B/RNF149/LTN1/TRIM41/KLHL13/CUL4A/FANCL/FBXL5/RNFT2/SMURF2/PELI3/RNF145/UBE2A/UBE2T/UBE2D2/UBE2O/BFAR/MARCHF6/PRKN/COP1/UBE2E3/TSPAN17/MED30/RNF13/KLHL20/SHARPIN/HECW2/AREL1/NSMCE1/MED1/TRIM25/RNF175/HERC3/RAD18/PPIL2/MDM2/TRIM68/C18orf25/UBR1/RNF4/RNF150/ZNRF2/HECTD1/MAGEL2/WDSUB1/DTX3L/NOSIP/G2E3/CUL1/TRIM3/HERC1/CBL/UBE3A/FBXL6/ZNF598/CHFR/AKTIP/ASB1/GID4/RNF112/TRIM24/UBE4B/PML/HECTD3/UBE2Z/UBE2D4/RNF128/SYVN1/RNF165/MED24/RNF214/RMND5B/UHRF2/RNF115/RNF121/KCTD13/MGRN1/CDC23/RNF213/UBE3C/KLHL21/SMURF1/RNF40/RNFT1/TRIM4/PELI2/TRIM69/LMO7/RNF123/RFWD3/RNF31/HECTD4/RFPL2/ZNRF1/TRIM39/UBE2D1/MED12/RBBP6/WWP2/LRSAM1/HERC6
GO:0043236	laminin binding	17	-0.325993299436127	-0.839541626837741	0.6953125	0.94749177105505	0.94749177105505	2263	tags=29%, list=17%, signal=24%	GPC1/SLIT2/DAG1/ITGA3/RPSA
GO:0008171	O-methyltransferase activity	20	-0.318533903787793	-0.848497428778532	0.696498054474708	0.94749177105505	0.94749177105505	2606	tags=35%, list=20%, signal=28%	HENMT1/FTSJ3/COQ3/PCMTD1/TRMT44/MEPCE/MRM1
GO:0008376	acetylgalactosaminyltransferase activity	29	0.290431380468167	0.855590277820339	0.697154471544716	0.94749177105505	0.94749177105505	3078	tags=38%, list=23%, signal=29%	B3GALNT1/GALNT1/CSGALNACT1/GALNT2/GALNT14/B4GALNT4/GALNT11/CHSY3/CSGALNACT2/B3GALNT2/GBGT1
GO:0016894	endonuclease activity, active with either ribo- or deoxyribonucleic acids and producing 3'-phosphomonoesters	10	-0.36234985614285	-0.820225414053488	0.701195219123506	0.949021777552369	0.949021777552369	1173	tags=30%, list=9%, signal=27%	GEN1/MUS81/TSEN2
GO:0000900	translation repressor activity, mRNA regulatory element binding	14	0.329273692135444	0.824428478467753	0.703549060542798	0.949021777552369	0.949021777552369	1370	tags=21%, list=10%, signal=19%	SHMT1/DHFR/CPEB4
GO:0032454	histone H3-methyl-lysine-9 demethylase activity	11	-0.358319064335942	-0.829770371256241	0.703557312252965	0.949021777552369	0.949021777552369	2922	tags=55%, list=22%, signal=42%	KDM4B/KDM4A/KDM3B/KDM3A/PHF8/PHF2
GO:0043325	phosphatidylinositol-3,4-bisphosphate binding	18	-0.317944548361323	-0.831579324394836	0.705544933078394	0.949021777552369	0.949021777552369	318	tags=11%, list=2%, signal=11%	WASHC2C/ZFYVE1
GO:0019208	phosphatase regulator activity	87	0.248497516255109	0.895525772577531	0.705636743215031	0.949021777552369	0.949021777552369	2929	tags=31%, list=22%, signal=24%	STYXL1/BOD1L1/PPP6R1/ZEB2/SBF1/PPP2R2B/MAP2K6/PPP1R12C/PPP4R4/PPP1R12A/PPP2R3A/SBF2/ARPP19/PPP4R1/PPP1R9B/PPP1R16A/URI1/ANP32E/ENSA/PPP2R5C/BMPR1A/PPP4R2/MTMR12/GTF2F1/PPP1R26/PPP1R16B/PHACTR1
GO:0008242	omega peptidase activity	85	-0.249133582888501	-0.88216480312281	0.706106870229008	0.949021777552369	0.949021777552369	2499	tags=33%, list=19%, signal=27%	GGH/BACE1/ZUP1/ATXN3/USP2/USP42/USP48/STAMBP/USP28/OTULIN/USP3/USP5/APEH/USP9X/USP14/GGT7/CYLD/USP45/OTUD4/MINDY4/USP19/UCHL5/USP20/EIF3F/ALG13/USP30/USP35/USP21
GO:0019783	ubiquitin-like protein-specific protease activity	91	-0.246727733671152	-0.884770891801512	0.708884688090737	0.949021777552369	0.949021777552369	2499	tags=26%, list=19%, signal=21%	USP42/USP48/STAMBP/USP28/SENP1/OTULIN/USP3/USP5/USP9X/USP14/CYLD/USP45/OTUD4/MINDY4/SENP3/SENP7/USP19/UCHL5/USP20/EIF3F/ALG13/USP30/USP35/USP21
GO:0008195	phosphatidate phosphatase activity	10	0.356715125088525	0.82032566044861	0.712	0.949021777552369	0.949021777552369	230	tags=10%, list=2%, signal=10%	PLPPR1
GO:0016248	channel inhibitor activity	25	0.291086303061374	0.830727072171528	0.712809917355372	0.949021777552369	0.949021777552369	3061	tags=28%, list=23%, signal=22%	ANKRD36C/WNK1/NEDD4L/WNK3/ENSA/STX1A/FKBP1B
GO:0101005	deubiquitinase activity	80	-0.248133406115149	-0.871155395443182	0.71455938697318	0.949021777552369	0.949021777552369	2875	tags=30%, list=22%, signal=24%	ZUP1/ATXN3/USP2/USP42/USP48/STAMBP/USP28/OTULIN/USP3/USP5/USP9X/USP14/CYLD/USP45/OTUD4/MINDY4/USP19/UCHL5/USP20/EIF3F/ALG13/USP30/USP35/USP21
GO:0000149	SNARE binding	95	0.243110797059068	0.885716833535278	0.716101694915254	0.949021777552369	0.949021777552369	1845	tags=19%, list=14%, signal=16%	CPLX2/SYT6/STXBP4/DAPK1/SNAP29/STX3/PTPN2/SYT7/SNAP47/SYT1/ANKRD27/UNC13C/SEC22B/ABL1/VPS54/CAPN10/LRRK2/SEC24B
GO:0030331	estrogen receptor binding	35	0.278984821936742	0.854500327584679	0.716326530612245	0.949021777552369	0.949021777552369	1645	tags=20%, list=13%, signal=18%	TACC1/CCDC62/PPARGC1B/DNAAF4/TRIP4/CNOT1/PPID
GO:0042809	vitamin D receptor binding	15	-0.326627341342241	-0.82581284218366	0.716504854368932	0.949021777552369	0.949021777552369	1479	tags=33%, list=11%, signal=30%	MED30/MED1/MED24/MED16/MED12
GO:0004033	aldo-keto reductase (NADP) activity	17	-0.321864901521684	-0.828909623335459	0.716796875	0.949021777552369	0.949021777552369	1683	tags=29%, list=13%, signal=26%	AKR1C1/AKR1E2/RDH11/AKR1B1/DHRS4
GO:0004693	cyclin-dependent protein serine/threonine kinase activity	25	-0.296581695237909	-0.830982025561121	0.718146718146718	0.949021777552369	0.949021777552369	2194	tags=24%, list=17%, signal=20%	CDK20/CDK10/CDKL2/MOK/CDK7/CDK12
GO:0016866	intramolecular transferase activity	25	-0.296895633299555	-0.831861637791262	0.718146718146718	0.949021777552369	0.949021777552369	1063	tags=16%, list=8%, signal=15%	DKC1/PGAM2/RPUSD3/LSS
GO:0097472	cyclin-dependent protein kinase activity	25	-0.296581695237909	-0.830982025561121	0.718146718146718	0.949021777552369	0.949021777552369	2194	tags=24%, list=17%, signal=20%	CDK20/CDK10/CDKL2/MOK/CDK7/CDK12
GO:0015078	proton transmembrane transporter activity	91	-0.246049446687918	-0.882338540277329	0.718336483931947	0.949021777552369	0.949021777552369	2328	tags=18%, list=18%, signal=15%	ATP6V1B2/CTNS/SLC9A8/NNT/CYB5A/COX15/DMAC2L/MFSD3/ATP5F1A/SLC11A2/SLC9A7/ATP6V0B/ATP6V0A2/SLC9A1/SLC45A1/SLC36A1
GO:0016709	oxidoreductase activity, acting on paired donors, with incorporation or reduction of molecular oxygen, NAD(P)H as one donor, and incorporation of one atom of oxygen	17	0.313643588400392	0.826705127767827	0.720408163265306	0.949021777552369	0.949021777552369	1369	tags=18%, list=10%, signal=16%	MICAL3/CYP2E1/CYP4X1
GO:0070325	lipoprotein particle receptor binding	18	-0.313926535796538	-0.821070271192778	0.720841300191205	0.949021777552369	0.949021777552369	2205	tags=33%, list=17%, signal=28%	SNX17/CLU/ANKRA2/AP2A1/LRP1/APBB3
GO:0034596	phosphatidylinositol phosphate 4-phosphatase activity	10	0.353385683220152	0.812669056039361	0.722	0.949021777552369	0.949021777552369	2387	tags=30%, list=18%, signal=25%	INPP4B/INPP4A/SACM1L
GO:0015295	solute:proton symporter activity	16	-0.325147354686639	-0.824462017521341	0.723107569721116	0.949021777552369	0.949021777552369	1337	tags=38%, list=10%, signal=34%	SLC25A22/CTNS/MFSD3/SLC11A2/SLC45A1/SLC36A1
GO:0004520	endodeoxyribonuclease activity	32	-0.284997180884033	-0.843441519595953	0.723404255319149	0.949021777552369	0.949021777552369	1638	tags=22%, list=12%, signal=19%	MRE11/ERCC4/MUS81/SETMAR/FAN1/DNA2/ENDOV
GO:0004843	thiol-dependent deubiquitinase	79	-0.249218303066704	-0.870740718173132	0.723608445297505	0.949021777552369	0.949021777552369	2875	tags=30%, list=22%, signal=24%	ZUP1/ATXN3/USP2/USP42/USP48/STAMBP/USP28/OTULIN/USP3/USP5/USP9X/USP14/CYLD/USP45/OTUD4/MINDY4/USP19/UCHL5/USP20/EIF3F/ALG13/USP30/USP35/USP21
GO:0048038	quinone binding	13	0.327388418932687	0.8137541375348	0.725158562367865	0.949021777552369	0.949021777552369	108	tags=8%, list=1%, signal=8%	ETFDH
GO:0003951	NAD+ kinase activity	14	-0.322649462224852	-0.800998212076909	0.726577437858509	0.949021777552369	0.949021777552369	1370	tags=29%, list=10%, signal=26%	SPHK2/DGKQ/DGKI/DGKH
GO:0097157	pre-mRNA intronic binding	11	-0.349414639733151	-0.809150123985351	0.727272727272727	0.949021777552369	0.949021777552369	2872	tags=45%, list=22%, signal=36%	RBM24/RBM41/TARDBP/EP300/RNPC3
GO:0030247	polysaccharide binding	11	0.345062469601741	0.819506546051488	0.727822580645161	0.949021777552369	0.949021777552369	2864	tags=27%, list=22%, signal=21%	GPCPD1/HLA-DRB1/AGL
GO:0042165	neurotransmitter binding	10	0.350691827122095	0.806474086643983	0.73	0.949021777552369	0.949021777552369	120	tags=10%, list=1%, signal=10%	NIPSNAP1
GO:0017025	TBP-class protein binding	20	0.29374565739414	0.807044964282708	0.73155737704918	0.949021777552369	0.949021777552369	3508	tags=35%, list=27%, signal=26%	TAF13/TAF1B/BRF1/YEATS2/TAF1/BTAF1/RUVBL1
GO:0016791	phosphatase activity	210	0.225069932723016	0.911578705280488	0.731601731601732	0.949021777552369	0.949021777552369	3207	tags=31%, list=24%, signal=24%	PPM1M/PTPN18/INPP4B/PDP1/PLPPR1/SSH2/STYXL1/PTPN20/PTPRB/PALD1/PTPN1/PPP4C/PTPN2/PTPRO/PPM1A/PPA2/DUSP4/SBF1/TNS3/APTX/DUSP19/PTPRG/ATP1A1/MTMR7/PTPN12/DUSP6/DUSP22/RNGTT/INPP4A/PTPRZ1/PPP4R1/LRRK2/SSH1/DUSP12/NT5C2/PTPRN2/MTMR10/ENTPD6/SACM1L/PIKFYVE/TIMM50/NT5C3B/PTPRD/HDDC2/DUSP8/DUSP9/PPM1F/PTPRT/INPP1/MTMR12/DUSP16/PPM1B/PXYLP1/DUSP5/PTPN11/PTPN21/MTMR1/PTPN4/RPAP2/PPP3CC/ARMT1/TIGAR/DUSP1/PLPPR2/FIG4
GO:0016868	intramolecular transferase activity, phosphotransferases	10	-0.353865375640766	-0.801019703288402	0.733067729083665	0.949021777552369	0.949021777552369	2219	tags=20%, list=17%, signal=17%	PMM2/PGAM2
GO:0005158	insulin receptor binding	19	-0.309927257747601	-0.816999247367061	0.733590733590734	0.949021777552369	0.949021777552369	2507	tags=37%, list=19%, signal=30%	PHIP/PDPK1/CCDC88A/SNX4/SORBS1/IGF1R/SRC
GO:0042910	xenobiotic transmembrane transporter activity	18	-0.311112140610948	-0.813709261673742	0.734225621414914	0.949021777552369	0.949021777552369	979	tags=28%, list=7%, signal=26%	SLC29A4/EBP/ABCC10/ABCC1/SLC36A1
GO:0005160	transforming growth factor beta receptor binding	14	0.32160821776677	0.805235826514556	0.734864300626305	0.949021777552369	0.949021777552369	3923	tags=43%, list=30%, signal=30%	SMAD7/TGFBR3/USP15/TGFBRAP1/SMAD2/TGFBR2
GO:0070577	lysine-acetylated histone binding	19	-0.309056957071984	-0.814705047747027	0.735521235521236	0.949021777552369	0.949021777552369	2696	tags=47%, list=21%, signal=38%	DPF2/PHIP/BRD7/BAZ2A/YEATS4/TRIM24/BRD4/KMT2A/SMARCA4
GO:0140033	acetylation-dependent protein binding	19	-0.309056957071984	-0.814705047747027	0.735521235521236	0.949021777552369	0.949021777552369	2696	tags=47%, list=21%, signal=38%	DPF2/PHIP/BRD7/BAZ2A/YEATS4/TRIM24/BRD4/KMT2A/SMARCA4
GO:0010314	phosphatidylinositol-5-phosphate binding	11	-0.344136897769755	-0.796928296166958	0.737154150197628	0.949021777552369	0.949021777552369	2202	tags=27%, list=17%, signal=23%	SNX24/PLEKHA5/WASHC2C
GO:0051011	microtubule minus-end binding	13	-0.322619079201258	-0.788354411396498	0.737240075614367	0.949021777552369	0.949021777552369	3891	tags=62%, list=30%, signal=43%	TUBGCP2/HAUS7/MACF1/HAUS4/NUMA1/CAMSAP3/TUBGCP6/TUBGCP4
GO:0003712	transcription coregulator activity	416	0.214490372971932	0.933154541532687	0.740909090909091	0.951004789121668	0.951004789121668	2323	tags=21%, list=18%, signal=18%	HYAL2/MED12L/SUPT3H/JMJD1C/MRTFA/RCOR1/TACC1/NME2/SMARCA2/ASXL1/MED17/CCAR1/TFB2M/YAF2/PIAS2/MED8/CCDC62/ZNF410/KDM7A/KDM2A/HMGB1/NCOA3/GON4L/N4BP2L2/SMARCB1/PPARGC1B/HDGFL3/WBP2NL/CEBPZ/CASP8AP2/BEND6/ZXDC/TBL1XR1/MAP3K10/SMARCD1/RBBP8/BTG2/JADE1/CCND1/BASP1/HDGFL2/RB1/MLIP/SUB1/SMARCC1/ZNF451/ABL1/MED14/ARID1A/MYBBP1A/PSMD9/TRIP4/TRIP11/BCLAF3/CAMTA1/TCERG1/PMF1/MED13/TRERF1/DPF3/NPAT/LMO2/TMF1/ELK1/SS18L1/HCFC2/PRKCB/ARID1B/CENPJ/NCOR1/SRA1/MED9/SFMBT2/MIER3/MTA2/SMARCC2/TAF6L/MYSM1/URI1/GPS2/SIRT6/LCOR/PKN1/HCFC1/PER2/FBXL19/AKIRIN2/C1D
GO:0000146	microfilament motor activity	11	-0.343386571306935	-0.795190742322952	0.741106719367589	0.951004789121668	0.951004789121668	1256	tags=27%, list=10%, signal=25%	MYL6/MYH14/MYO19
GO:0005416	amino acid:cation symporter activity	15	-0.314805662072191	-0.795924056642114	0.74368932038835	0.951004789121668	0.951004789121668	3199	tags=67%, list=24%, signal=50%	SLC6A1/SLC6A12/SLC6A13/SLC1A3/SLC38A1/SLC38A2/SLC25A22/SLC1A2/SLC6A15/SLC36A1
GO:0004529	exodeoxyribonuclease activity	18	-0.308799676812877	-0.807661046370796	0.743785850860421	0.951004789121668	0.951004789121668	1638	tags=22%, list=12%, signal=19%	MRE11/DCLRE1A/TATDN1/EXD2
GO:0016895	exodeoxyribonuclease activity, producing 5'-phosphomonoesters	18	-0.308799676812877	-0.807661046370796	0.743785850860421	0.951004789121668	0.951004789121668	1638	tags=22%, list=12%, signal=19%	MRE11/DCLRE1A/TATDN1/EXD2
GO:0072341	modified amino acid binding	59	0.253415221829973	0.852320937325721	0.745302713987474	0.95109762527062	0.95109762527062	1746	tags=22%, list=13%, signal=19%	SYT6/FCHO2/HMGB1/PTGES/DHFR/SYT7/SYTL2/SYT1/CPNE6/MGST2/MTHFR/ASAP1/OSBPL8
GO:0061733	peptide-lysine-N-acetyltransferase activity	35	-0.277510228470528	-0.830209882974341	0.74609375	0.95109762527062	0.95109762527062	3924	tags=54%, list=30%, signal=38%	NCOA1/ATF2/KAT8/GTF3C4/NAA50/USP22/TADA2A/KAT2A/GTF2B/KAT7/SRCAP/HAT1/ATAT1/EPC1/KAT5/CREBBP/EP300/MED24/NAA60
GO:1990825	sequence-specific mRNA binding	12	0.334259563150547	0.809610329033674	0.746861924686193	0.95109762527062	0.95109762527062	833	tags=17%, list=6%, signal=16%	DHFR/SHFL
GO:0031996	thioesterase binding	11	-0.338320610687023	-0.783459343012272	0.74901185770751	0.951914008916324	0.951914008916324	8680	tags=100%, list=66%, signal=34%	TRAF2/TRAF3/TRAF4/ARF6/ADRA2A/TRAF1/TRAF5/TRAF6/CDC42/HAUS7
GO:0016853	isomerase activity	126	0.234345847839606	0.89115789794958	0.751046025104603	0.951914008916324	0.951914008916324	1683	tags=17%, list=13%, signal=15%	PPIE/MRI1/PIN1/PUS1/TPI1/PPIG/PPIL3/PTGES/QSOX1/PUS10/AMACR/PPIL4/PUS7L/PPWD1/ENOSF1/ERO1A/TOP2B/PPIH/PPID/KATNAL2/RPUSD4
GO:0061578	Lys63-specific deubiquitinase activity	11	-0.336918180008267	-0.780211691573103	0.75296442687747	0.951914008916324	0.951914008916324	3321	tags=45%, list=25%, signal=34%	OTUD5/ATXN3/STAMBP/CYLD/OTUD4
GO:0004708	MAP kinase kinase activity	16	0.306059281938194	0.799165204340398	0.756	0.951914008916324	0.951914008916324	2215	tags=25%, list=17%, signal=21%	MAP2K6/PAK3/MAPK10/MAP2K7
GO:0030296	protein tyrosine kinase activator activity	13	-0.317473125892403	-0.77577972113974	0.756143667296786	0.951914008916324	0.951914008916324	1444	tags=23%, list=11%, signal=21%	GRM5/GAS6/DGKQ
GO:0008187	poly-pyrimidine tract binding	26	0.280060348943445	0.809542206837502	0.757142857142857	0.951914008916324	0.951914008916324	3693	tags=38%, list=28%, signal=28%	HNRNPC/PABPC1L/PNPT1/ATXN1/PABPC4/MCRS1/RBM11/MSI2/PABPC1/RBMS2
GO:0046332	SMAD binding	65	0.250101977743012	0.849144038932187	0.758029978586724	0.951914008916324	0.951914008916324	3178	tags=28%, list=24%, signal=21%	LDLRAD4/MAGI2/PPM1A/TCF12/SMAD7/SMAD4/TGFBR3/ACVR1/AXIN1/PPARG/SAV1/BMPR1A/USP15/SMAD9/SKI/MEF2A/SKIL/RANBP3L
GO:0016209	antioxidant activity	49	0.255964383722383	0.836978684750657	0.760330578512397	0.951914008916324	0.951914008916324	1394	tags=14%, list=11%, signal=13%	GLRX/PTGES/TXNRD2/TXNRD1/PRXL2C/MGST2/GSTO2
GO:0070717	poly-purine tract binding	26	0.279115888382158	0.806812149941052	0.761224489795918	0.951914008916324	0.951914008916324	3693	tags=38%, list=28%, signal=28%	PPIE/PABPC1L/PNPT1/ATXN1/PABPC4/MCRS1/PAN3/EIF4A3/PABPC1/RBMS2
GO:0001968	fibronectin binding	15	0.315002676394262	0.796258685066439	0.763860369609856	0.951914008916324	0.951914008916324	917	tags=20%, list=7%, signal=19%	HSD17B12/PLEKHA2/CCDC80
GO:0097110	scaffold protein binding	52	-0.259472508138869	-0.845241861008586	0.763915547024952	0.951914008916324	0.951914008916324	1319	tags=13%, list=10%, signal=12%	VIM/ATG4B/IKBKB/SRC/TCOF1/BAIAP2/FYN
GO:0071949	FAD binding	25	0.280723993438462	0.801154223695172	0.764462809917355	0.951914008916324	0.951914008916324	3027	tags=40%, list=23%, signal=31%	MICAL3/QSOX1/ERO1A/ACOX3/MTHFR/CRY2/CRY1/NQO2/AIFM1/COQ6
GO:0047617	acyl-CoA hydrolase activity	16	-0.310878020422417	-0.788279886722508	0.764940239043825	0.951914008916324	0.951914008916324	3862	tags=50%, list=29%, signal=35%	PPT1/ACOT7/BAAT/ACOT2/ACOT1/ACOT8/ABCD3/PLA2G6
GO:0008374	O-acyltransferase activity	36	-0.268555153102574	-0.813903708235492	0.765503875968992	0.951914008916324	0.951914008916324	1946	tags=44%, list=15%, signal=38%	AGPAT5/GPAT4/CRAT/AGPAT1/LPCAT3/TAFAZZIN/CPT1C/PLA2G4C/GNPAT/LPCAT1/PNPLA2/DGAT2/LCLAT1/MBOAT7/DGAT1/PLA2G15
GO:0035925	mRNA 3'-UTR AU-rich region binding	23	0.28687609418089	0.805491637820981	0.766315789473684	0.951914008916324	0.951914008916324	795	tags=9%, list=6%, signal=8%	CPSF1/ELAVL3
GO:0044390	ubiquitin-like protein conjugating enzyme binding	35	0.269646058021651	0.82589670402809	0.76734693877551	0.951914008916324	0.951914008916324	3036	tags=26%, list=23%, signal=20%	SIAH1/DCUN1D5/MARCHF7/TCERG1/ARIH2/RNF217/ARIH1/UBA2/UBE3D
GO:0005126	cytokine receptor binding	97	0.235663986702491	0.864516336099337	0.767782426778243	0.951914008916324	0.951914008916324	2600	tags=21%, list=20%, signal=17%	TLR5/IL34/CD2AP/CASP8AP2/RIPK1/DAB2IP/IL1RAP/SMAD7/SPRED1/TGFBR3/PIBF1/CFLAR/TYK2/PIK3R1/JAK2/VEGFB/IL6ST/TIMM50/USP15/SIVA1
GO:0003697	single-stranded DNA binding	102	0.235297722090504	0.868651218244042	0.768421052631579	0.951914008916324	0.951914008916324	2692	tags=25%, list=21%, signal=20%	SMC6/PMS2/NABP1/RECQL/POT1/RPA4/HMGB1/TERF1/TEN1/MCM7/RBBP8/APTX/SUB1/MAPT/TERF2IP/ERCC1/RAD51D/SAMHD1/CRY2/FUBP1/SMC2/ERCC5/RAD50/TOP1/RAD51AP1
GO:0008143	poly(A) binding	20	0.289377688254069	0.795044284749577	0.76844262295082	0.951914008916324	0.951914008916324	939	tags=10%, list=7%, signal=9%	PPIE/PABPC1L
GO:0016290	palmitoyl-CoA hydrolase activity	14	-0.305046115938642	-0.757296763437894	0.768642447418738	0.951914008916324	0.951914008916324	3862	tags=50%, list=29%, signal=35%	PPT1/ACOT7/BAAT/ACOT2/ACOT1/ACOT8/PLA2G6
GO:0015293	symporter activity	71	0.247601787599074	0.862731694566314	0.768916155419223	0.951914008916324	0.951914008916324	2433	tags=27%, list=19%, signal=22%	SLC25A18/MFSD2A/SLC6A6/SLC20A2/SLC33A1/SLC5A6/MFSD12/MFSD4B/MFSD2B/SLC6A11/SLC2A13/SLC4A7/SLC15A2/SLC45A4/SLC12A1/SLC16A7/SLC24A4/SLC15A4/SLC25A3
GO:0008375	acetylglucosaminyltransferase activity	33	0.267578075234964	0.809469557973384	0.769547325102881	0.951914008916324	0.951914008916324	1551	tags=15%, list=12%, signal=13%	MGAT4B/PIGH/B3GNT5/MGAT4C/MGAT5B
GO:0009055	electron transfer activity	105	-0.237905246269277	-0.873986954812211	0.770833333333333	0.952264846120503	0.952264846120503	1869	tags=14%, list=14%, signal=12%	CYB5A/MAOB/NDUFA10/COX15/AKR1B1/POR/NDUFC1/RDH16/P4HA2/NDUFS3/GFUS/FDX2/AIFM2/COX11/NDUFB2
GO:0004714	transmembrane receptor protein tyrosine kinase activity	80	-0.239088471186977	-0.83940012319881	0.773946360153257	0.954868885903369	0.954868885903369	1316	tags=32%, list=10%, signal=29%	MAP2K4/ERBB2/EPHA5/EIF2AK2/MAP2K2/CLK1/YES1/CSK/DYRK1A/PKDCC/DYRK1B/EFEMP1/IGF2R/CLK3/FGFR1/MAP2K5/DSTYK/STYK1/EPHB2/IGF1R/DDR1/CLK2/SRC/NRP2/EPHB1/FYN
GO:0061980	regulatory RNA binding	36	-0.265340032477394	-0.804159718708472	0.779069767441861	0.958077911805418	0.958077911805418	339	tags=17%, list=3%, signal=16%	SPOUT1/AGO3/DHX9/ZNF346/TUT4/RBM10
GO:0016423	tRNA (guanine) methyltransferase activity	13	0.309274036899824	0.76872916879527	0.782241014799154	0.958077911805418	0.958077911805418	1886	tags=23%, list=14%, signal=20%	THUMPD3/THUMPD2/TRMT11
GO:0008188	neuropeptide receptor activity	15	-0.304464851795194	-0.769779356415132	0.78252427184466	0.958077911805418	0.958077911805418	295	tags=13%, list=2%, signal=13%	GPR83/SORCS3
GO:0009975	cyclase activity	15	-0.304806363273583	-0.770642800863621	0.78252427184466	0.958077911805418	0.958077911805418	3027	tags=53%, list=23%, signal=41%	ADCY7/ADCY9/ADCY8/DGLUCY/ADCY1/ADCY5/NPR2/ADCY3
GO:0008408	3'-5' exonuclease activity	50	-0.256463137491238	-0.827442954847122	0.782692307692308	0.958077911805418	0.958077911805418	3052	tags=36%, list=23%, signal=28%	DIS3L2/REXO4/ISG20L2/REXO2/DIS3L/EXOSC10/TOE1/CNOT7/POLG/PAN2/MRE11/USB1/TATDN1/EXOSC5/CNOT8/EXD2/CNOT2/EXOSC7
GO:0019200	carbohydrate kinase activity	16	-0.304986513271011	-0.773341048062816	0.782868525896414	0.958077911805418	0.958077911805418	3564	tags=50%, list=27%, signal=36%	KHK/PFKM/GALK2/PFKFB3/PFKP/NAGK/PFKFB2/POMK
GO:0033204	ribonuclease P RNA binding	10	0.333602652563833	0.767174692197086	0.784	0.958077911805418	0.958077911805418	1466	tags=20%, list=11%, signal=18%	RPP21/POP1
GO:0061650	ubiquitin-like protein conjugating enzyme activity	34	-0.272122649971553	-0.811568804685366	0.784615384615385	0.958077911805418	0.958077911805418	3205	tags=29%, list=24%, signal=22%	UBE2A/UBE2T/UBE2D2/UBE2O/UBE2E3/AKTIP/UBE2Z/UBE2D4/UBE2D1/UBE2I
GO:0008234	cysteine-type peptidase activity	132	0.225771902021812	0.868130430713729	0.789144050104384	0.959952346041056	0.959952346041056	2674	tags=27%, list=20%, signal=21%	USP40/USP32/USP37/CASP2/CASP10/USP34/MALT1/CAPN7/USP13/LGMN/USPL1/TANK/CFLAR/JOSD1/CTSH/BRCC3/PGPEP1/USP25/UFSP2/USP49/CAPN10/CTSB/UFD1/USP8/MYSM1/USP36/USP12/ATG4A/STAMBPL1/CAPN2/USP15/USP10/USP4/OTUD7B/DESI1
GO:0019787	ubiquitin-like protein transferase activity	362	-0.214549700114372	-0.915104189666595	0.790322580645161	0.959952346041056	0.959952346041056	3425	tags=30%, list=26%, signal=22%	RNF149/LTN1/TRIM41/KLHL13/CUL4A/ATG10/FANCL/FBXL5/RNFT2/SMURF2/UBA3/PELI3/RNF145/UBE2A/UBE2T/CBX4/UBE2D2/UBE2O/BFAR/MARCHF6/PRKN/COP1/UBE2E3/TSPAN17/MED30/RNF13/KLHL20/SHARPIN/HECW2/AREL1/NSMCE1/MED1/TRIM25/RNF175/HERC3/RAD18/HDAC4/PPIL2/MDM2/TRIM68/C18orf25/UBR1/RNF4/RNF150/ZNRF2/HECTD1/MAGEL2/WDSUB1/DTX3L/PIAS3/NOSIP/G2E3/CUL1/TRIM3/HERC1/CBL/UBE3A/FBXL6/ZNF598/CHFR/AKTIP/ASB1/GID4/RNF112/TRIM24/UBE4B/PML/HECTD3/UBE2Z/UBE2D4/RNF128/SYVN1/RNF165/MED24/RNF214/RMND5B/UHRF2/RNF115/RNF121/KCTD13/MGRN1/CDC23/RNF213/UBE3C/KLHL21/ATG16L1/SMURF1/RNF40/RNFT1/TRIM4/PELI2/TRIM69/LMO7/RNF123/RFWD3/RNF31/HECTD4/RFPL2/ZNRF1/TRIM39/UBE2D1/MED12/RBBP6/UBE2I/WWP2/LRSAM1/HERC6
GO:0005179	hormone activity	18	-0.293606038771608	-0.767922307893985	0.791586998087954	0.959952346041056	0.959952346041056	1151	tags=17%, list=9%, signal=15%	INHBA/VGF/FBN1
GO:0051087	chaperone binding	89	-0.238219291019178	-0.850472622345605	0.791666666666667	0.959952346041056	0.959952346041056	4477	tags=39%, list=34%, signal=26%	TIMM9/GRN/DNAJB5/ATP1A2/RNF207/OGDH/PACRG/DNLZ/HES1/CDKN1B/STUB1/HLA-B/PFDN6/HYOU1/DNAJC10/DNAJC9/SCARB2/PRKN/TSC1/SLC12A2/DNAJA4/TBCD/FN1/ATP1A3/DNAJB2/CLU/AHSA2P/TIMM44/SYVN1/GNB5/DNAJB4/DNAJB6/PFDN4/GAK/SLC25A17
GO:0003746	translation elongation factor activity	18	-0.292564298144588	-0.765197650492947	0.793499043977055	0.959952346041056	0.959952346041056	3106	tags=28%, list=24%, signal=21%	EEF1D/HBS1L/TSFM/GTPBP1/GTPBP2
GO:0016810	hydrolase activity, acting on carbon-nitrogen (but not peptide) bonds	78	0.242590874843785	0.853260830859035	0.794117647058824	0.959952346041056	0.959952346041056	3293	tags=32%, list=25%, signal=24%	AMPD3/ADAL/AMDHD2/ARG2/AMPD2/NGLY1/MTHFD2/GCH1/ATIC/HDAC6/GLS/ASAH1/MTA2/HDAC11/SIRT6/FHIT/PADI2/PIGL/GDA/HDAC2/HDAC5/ACER3/MTHFD2L/MTHFD1/LACC1
GO:0008173	RNA methyltransferase activity	64	-0.244796619322668	-0.830688546253932	0.794392523364486	0.959952346041056	0.959952346041056	2785	tags=33%, list=21%, signal=26%	METTL2B/NSUN5/HENMT1/FTSJ3/METTL25B/METTL6/METTL2A/TRMT2B/TRMT1L/TFB1M/DIMT1/NSUN3/METTL3/TRMT44/METTL4/TRMT1/BUD23/MEPCE/FBL/METTL15/MRM1
GO:0004497	monooxygenase activity	32	-0.270605074722261	-0.800848467083581	0.796905222437137	0.959952346041056	0.959952346041056	2820	tags=34%, list=22%, signal=27%	SQLE/HMOX2/CYP26B1/AKR1C1/CYP2U1/CYP4F3/MSMO1/PTGIS/PCBD1/DOHH/CYP4V2
GO:0035613	RNA stem-loop binding	13	0.307006549835234	0.763093120377209	0.797040169133192	0.959952346041056	0.959952346041056	3322	tags=38%, list=25%, signal=29%	CSDE1/RC3H2/METTL16/EPRS1/EIF4A3
GO:0005003	ephrin receptor activity	13	-0.3045539790112	-0.744210396534106	0.799621928166352	0.959952346041056	0.959952346041056	982	tags=15%, list=7%, signal=14%	EPHB2/EPHB1
GO:0061630	ubiquitin protein ligase activity	230	-0.22234494458038	-0.897764349167713	0.801484230055659	0.959952346041056	0.959952346041056	3425	tags=29%, list=26%, signal=22%	RNF149/LTN1/TRIM41/FANCL/RNFT2/SMURF2/PELI3/RNF145/UBE2D2/UBE2O/BFAR/MARCHF6/PRKN/COP1/MED30/RNF13/HECW2/AREL1/NSMCE1/MED1/TRIM25/RNF175/RAD18/PPIL2/MDM2/TRIM68/C18orf25/UBR1/RNF150/ZNRF2/HECTD1/DTX3L/NOSIP/TRIM3/CBL/UBE3A/ZNF598/CHFR/ASB1/GID4/RNF112/TRIM24/UBE4B/RNF128/SYVN1/RNF165/MED24/RMND5B/UHRF2/RNF115/RNF121/MGRN1/UBE3C/SMURF1/RNFT1/TRIM4/PELI2/TRIM69/RFWD3/RNF31/ZNRF1/TRIM39/UBE2D1/MED12/RBBP6/WWP2/LRSAM1
GO:0005154	epidermal growth factor receptor binding	23	0.279312435454795	0.784254372050905	0.80421052631579	0.959952346041056	0.959952346041056	723	tags=9%, list=6%, signal=8%	RNF126/TNK2
GO:0003730	mRNA 3'-UTR binding	79	-0.238599415788393	-0.833639520463581	0.804222648752399	0.959952346041056	0.959952346041056	2872	tags=23%, list=22%, signal=18%	RBM24/LARP4/CPEB2/KHSRP/DAZAP1/TARDBP/CELF1/TUT1/HNRNPD/ILF3/HNRNPU/GEMIN5/RNF40/FUS/DDX5/CELF2/RNPS1/RBFOX1
GO:0070279	vitamin B6 binding	34	0.261585233319967	0.796421334740077	0.804979253112033	0.959952346041056	0.959952346041056	2283	tags=24%, list=17%, signal=19%	SHMT1/CSAD/PDXDC2P-NPIPB14P/ETNPPL/CTH/SGPL1/MTARC1/SCLY
GO:0051537	2 iron, 2 sulfur cluster binding	20	-0.292041737242343	-0.777928692046628	0.805447470817121	0.959952346041056	0.959952346041056	1626	tags=25%, list=12%, signal=22%	ISCA2/ISCU/FXN/FDX2/RFESD
GO:0032183	SUMO binding	16	0.295185817972617	0.770773011831455	0.806	0.959952346041056	0.959952346041056	1470	tags=25%, list=11%, signal=22%	HERC2/CASP8AP2/USPL1/USP25
GO:0019209	kinase activator activity	80	0.238777146394072	0.846595550672609	0.808333333333333	0.959952346041056	0.959952346041056	2605	tags=22%, list=20%, signal=18%	CCNB1/MALT1/HMGB1/CAB39/ETAA1/DAB2IP/MAP2K6/DUSP19/WNK1/DBF4/TAL1/MOB2/MT3/CCNT2/CD24/BMPR1A/MNAT1/AGAP2
GO:0019210	kinase inhibitor activity	62	-0.244620504280304	-0.824081192881526	0.809885931558936	0.959952346041056	0.959952346041056	1385	tags=13%, list=11%, signal=12%	PRKRIP1/PPP1R1B/PARVA/TAOK3/RPTOR/DUS2/MACROH2A1/WARS1
GO:0015562	efflux transmembrane transporter activity	11	0.320071256300671	0.760153632598937	0.810483870967742	0.959952346041056	0.959952346041056	2553	tags=45%, list=19%, signal=37%	ABCB1/ABCG2/ABCC5/SLC27A1/ABCC4
GO:0030170	pyridoxal phosphate binding	33	0.260526232495591	0.788136524539589	0.810699588477366	0.959952346041056	0.959952346041056	2064	tags=21%, list=16%, signal=18%	SHMT1/CSAD/PDXDC2P-NPIPB14P/ETNPPL/CTH/SGPL1/MTARC1
GO:0004549	tRNA-specific ribonuclease activity	14	-0.294637202055923	-0.731455959761271	0.812619502868069	0.959952346041056	0.959952346041056	3914	tags=50%, list=30%, signal=35%	POP5/RPP38/POP4/ELAC2/PRORP/RPP30/TSEN2
GO:0002039	p53 binding	55	-0.246383599520951	-0.812336445922041	0.816091954022989	0.959952346041056	0.959952346041056	2843	tags=31%, list=22%, signal=24%	SIRT1/PRMT5/PPP1R13B/MDM2/DAXX/BRD7/HDAC1/CREBBP/STK11/TRIM24/TRIAP1/EP300/BRD4/PSME3/SMARCA4/TP53BP1/RFWD3
GO:0005178	integrin binding	82	-0.233623534740033	-0.823233056181473	0.817836812144213	0.959952346041056	0.959952346041056	2393	tags=21%, list=18%, signal=17%	ITGB4/FN1/FERMT2/ACTN1/ADAM15/CD151/TNXB/GFAP/SEMA7A/CXCL12/JAM3/ACTN2/ADAM17/ITGA3/TLN2/SRC/FBN1
GO:0051427	hormone receptor binding	12	0.309279657817562	0.749106482306754	0.817991631799163	0.959952346041056	0.959952346041056	3686	tags=67%, list=28%, signal=48%	CCK/TYK2/JAK2/PTHLH/PTPN11/JAK1/GNRH1/SOCS2
GO:0046527	glucosyltransferase activity	17	-0.287399689011659	-0.740150189843962	0.818359375	0.959952346041056	0.959952346041056	812	tags=29%, list=6%, signal=28%	GBA2/ALG10/POGLUT1/GYS1/ALG8
GO:0070122	isopeptidase activity	16	-0.290660355019195	-0.737014831148009	0.818725099601594	0.959952346041056	0.959952346041056	2525	tags=31%, list=19%, signal=25%	COPS6/STAMBP/SENP1/SENP3/EIF3F
GO:0004867	serine-type endopeptidase inhibitor activity	25	-0.272993401155302	-0.764890797710486	0.82046332046332	0.959952346041056	0.959952346041056	2300	tags=20%, list=18%, signal=17%	WFIKKN1/SPINT2/APP/COL7A1/ITIH4
GO:0004252	serine-type endopeptidase activity	43	-0.250353807295808	-0.788572540185109	0.822393822393823	0.959952346041056	0.959952346041056	1871	tags=19%, list=14%, signal=16%	APEH/PCSK5/CLPP/TMPRSS5/MBTPS1/PRSS3/PARL/RHBDD1
GO:0016860	intramolecular oxidoreductase activity	42	-0.252161611678457	-0.790639984731075	0.822393822393823	0.959952346041056	0.959952346041056	3876	tags=48%, list=30%, signal=34%	PTGDS/GPI/PDIA2/MPI/CRELD2/GNPDA1/ECH1/IDI1/CRELD1/GNPDA2/EBPL/ENOPH1/QSOX2/ERO1B/PDIA3/HYI/PDIA6/PTGIS/EBP/DCT
GO:0004713	protein tyrosine kinase activity	91	0.231046332048912	0.838477447493058	0.822410147991543	0.959952346041056	0.959952346041056	2215	tags=22%, list=17%, signal=18%	BCR/FGFR3/HIPK1/EPHB6/TNK2/NRP1/DYRK4/NTRK3/MAP2K6/NEK1/MATK/ABL1/TYK2/EPHA4/STK16/PEAK1/HIPK3/JAK2/PTK2/MAP2K7
GO:0097718	disordered domain specific binding	29	-0.268639909249829	-0.773838034181605	0.823529411764706	0.959952346041056	0.959952346041056	80	tags=28%, list=1%, signal=27%	RRM1/NUMA1/MDM2/AP2A2/FN1/CALM2/FYN/BCL2L2
GO:0003727	single-stranded RNA binding	70	0.236460621467653	0.82255322742316	0.825102880658436	0.959952346041056	0.959952346041056	2010	tags=17%, list=15%, signal=15%	PPIE/PUS1/HNRNPF/HMGB1/HNRNPC/RBM7/PABPC1L/AQR/PNPT1/ATXN1/SRA1/AGO4
GO:0016874	ligase activity	142	0.221020927536267	0.86099323768931	0.825263157894737	0.959952346041056	0.959952346041056	2475	tags=23%, list=19%, signal=19%	NAPRT/PFAS/LIG1/TTLL5/NARS2/MTHFD1L/ACACA/UBA5/AASDH/TPGS1/DPH6/RIMKLB/RARS1/VARS2/SARS2/FPGS/BTRC/ACSS1/ASNSD1/UBA6/DALRD3/ACSL6/ASNS/TTLL11/PPCS/TTL/RTCA/NAE1/SLC27A1/RIMKLA/AARS2/TTLL1/TARS3
GO:1990756	ubiquitin ligase-substrate adaptor activity	24	0.272686192593126	0.768605474811144	0.826271186440678	0.959952346041056	0.959952346041056	1482	tags=17%, list=11%, signal=15%	ANKRD9/VHL/BTRC/ARRDC1
GO:0042056	chemoattractant activity	12	0.306023028357132	0.741218597741392	0.826359832635983	0.959952346041056	0.959952346041056	2467	tags=33%, list=19%, signal=27%	HMGB1/VEGFB/PDGFB/WNT5A
GO:0015299	solute:proton antiporter activity	14	0.301453922178956	0.754773929184429	0.826722338204593	0.959952346041056	0.959952346041056	1306	tags=21%, list=10%, signal=19%	SLC9A9/SLC47A1/LETM1
GO:0060590	ATPase regulator activity	13	-0.295778322099667	-0.722766135220616	0.827977315689981	0.959952346041056	0.959952346041056	396	tags=23%, list=3%, signal=22%	PFN1/KATNB1/SIL1
GO:0070628	proteasome binding	16	0.286486569962853	0.7480580127329	0.828	0.959952346041056	0.959952346041056	921	tags=12%, list=7%, signal=12%	PSME4/USP13
GO:0070411	I-SMAD binding	12	0.305586212677557	0.740160586168785	0.828451882845188	0.959952346041056	0.959952346041056	1519	tags=25%, list=12%, signal=22%	SMAD7/SMAD4/AXIN1
GO:0050750	low-density lipoprotein particle receptor binding	17	0.287343348093156	0.757382672829703	0.83265306122449	0.959952346041056	0.959952346041056	1054	tags=12%, list=8%, signal=11%	AP2M1/SYT1
GO:0001618	virus receptor activity	38	-0.253067100908005	-0.775512267108724	0.83625730994152	0.959952346041056	0.959952346041056	1713	tags=18%, list=13%, signal=16%	IDE/DAG1/SLC52A2/NCAM1/CD55/RPSA/CDHR3
GO:0140272	exogenous protein binding	38	-0.253067100908005	-0.775512267108724	0.83625730994152	0.959952346041056	0.959952346041056	1713	tags=18%, list=13%, signal=16%	IDE/DAG1/SLC52A2/NCAM1/CD55/RPSA/CDHR3
GO:0140036	ubiquitin-dependent protein binding	11	-0.311491353654509	-0.721330015314747	0.837944664031621	0.959952346041056	0.959952346041056	2216	tags=36%, list=17%, signal=30%	DNAJB2/IDE/FAN1/TP53BP1
GO:0015171	amino acid transmembrane transporter activity	53	0.243458289471447	0.797313836275266	0.838912133891214	0.959952346041056	0.959952346041056	1982	tags=19%, list=15%, signal=16%	SLC25A18/SLC6A6/SLC38A7/SFXN2/SLC47A1/SLC7A5/SLC7A14/SLC38A9/MFSD12/SLC6A11
GO:0070403	NAD+ binding	13	-0.292699505547154	-0.715242715908084	0.839319470699433	0.959952346041056	0.959952346041056	3490	tags=46%, list=27%, signal=34%	SIRT7/HADH/SIRT3/SIRT1/SIRT2/CRYL1
GO:0000049	tRNA binding	70	0.234687847263032	0.816386445256841	0.839506172839506	0.959952346041056	0.959952346041056	1938	tags=20%, list=15%, signal=17%	TRNT1/PUS1/CTU2/ALKBH8/NEMF/RARS1/SARS2/NSUN2/RPUSD4/EIF2AK4/YRDC/DALRD3/TRMT11/XPOT
GO:0022829	wide pore channel activity	11	0.304656488549618	0.723544310546523	0.840725806451613	0.959952346041056	0.959952346041056	9120	tags=100%, list=70%, signal=30%	GJB6/TOMM40L/VDAC2/PANX2/GJC1/VDAC3/GJC2/VDAC1/PANX1/GJA1/TOMM40
GO:0005245	voltage-gated calcium channel activity	29	-0.261784819436387	-0.754091417827447	0.841176470588235	0.959952346041056	0.959952346041056	938	tags=17%, list=7%, signal=16%	RYR1/CACNA1C/TPCN1/CACNA1I/CACNA1A
GO:0005343	organic acid:sodium symporter activity	17	-0.281441959951062	-0.724807047649187	0.841796875	0.959952346041056	0.959952346041056	4537	tags=65%, list=35%, signal=42%	SLC6A1/SLC6A12/SLC6A13/SLC1A3/SLC38A1/SLC23A2/SLC38A2/SLC13A3/SLC1A2/SLC13A5/SLC6A15
GO:0004029	aldehyde dehydrogenase (NAD+) activity	10	0.311032145298929	0.715270063050375	0.842	0.959952346041056	0.959952346041056	1601	tags=20%, list=12%, signal=18%	ALDH2/ALDH3A2
GO:0004030	aldehyde dehydrogenase [NAD(P)+] activity	10	0.311032145298929	0.715270063050375	0.842	0.959952346041056	0.959952346041056	1601	tags=20%, list=12%, signal=18%	ALDH2/ALDH3A2
GO:0022853	active ion transmembrane transporter activity	162	-0.220785212813455	-0.854804880491517	0.842490842490843	0.959952346041056	0.959952346041056	2892	tags=23%, list=22%, signal=18%	ATP2C1/SLC38A2/SLC12A2/CLCN4/SLC25A22/SLC13A3/SLC1A2/SLC24A3/SLC25A1/ATP6V1B2/SLC13A5/ATP1A3/CTNS/SLC9A8/CYB5A/COX15/ATP2B3/SLC6A15/MFSD3/SLC12A8/SLC11A2/SLC26A11/SLC9A7/SLCO3A1/ATP13A1/SLC26A6/SLC25A11/ATP7B/CLCN6/SLC12A6/CLCN7/SLC9A1/ABCC10/SLC45A1/ABCC8/ABCC1/SLC36A1
GO:0042169	SH2 domain binding	28	0.263378803265546	0.772218454681477	0.842741935483871	0.959952346041056	0.959952346041056	2206	tags=25%, list=17%, signal=21%	AFAP1/LAT2/ABL1/PAG1/SH3PXD2B/JAK2/PTK2
GO:0034212	peptide N-acetyltransferase activity	42	0.246034001261239	0.787045961402922	0.84297520661157	0.959952346041056	0.959952346041056	3291	tags=36%, list=25%, signal=27%	NAA16/ESCO1/NCOA3/NAA25/NAA20/CLOCK/NAA15/EPC2/TAF10/MSL3/MCM3AP/NAA40/TAF9/NAA10/TAF1
GO:0008179	adenylate cyclase binding	13	0.29311069970427	0.728553702106094	0.843551797040169	0.959952346041056	0.959952346041056	1513	tags=15%, list=12%, signal=14%	AKAP5/CAP2
GO:0046982	protein heterodimerization activity	228	0.214888228836455	0.880238452556206	0.843683083511777	0.959952346041056	0.959952346041056	2644	tags=20%, list=20%, signal=16%	H4C11/YWHAH/SUPT3H/MEF2C/CYBB/SRGAP2C/PIK3R2/EPAS1/TPM1/CHUK/CENPA/TAF13/CENPS/TCF12/RALGAPA2/SYT1/IRAK3/IRAK1/DGKD/TOP2B/ATP1A1/TLR6/TPM4/RALGAPA1/NFYC/PIK3R1/SDCBP2/MAPK6/XBP1/SMC3/CENPT/TCF3/PDGFB/HIP1R/TAF6L/BAK1/NAE1/RALGAPB/SUPT5H/IKBKG/ABCD2/DDIT3/MICU2/ZBTB1/BAX
GO:0005080	protein kinase C binding	45	-0.247402180560465	-0.783437715196309	0.844230769230769	0.959952346041056	0.959952346041056	2787	tags=31%, list=21%, signal=25%	TIRAP/PRKCSH/FLNA/PICK1/SQSTM1/CCDC88A/PARD6B/HSPB1/PRKD2/PARD6G/TWF2/HDAC9/SRC/GRK5
GO:0043422	protein kinase B binding	11	0.301728028784092	0.716589361344231	0.844758064516129	0.959952346041056	0.959952346041056	864	tags=18%, list=7%, signal=17%	PDE3B/ARRB2
GO:0015294	solute:cation symporter activity	52	0.23982457465842	0.786090263676424	0.848232848232848	0.961566808502275	0.961566808502275	2433	tags=27%, list=19%, signal=22%	SLC25A18/MFSD2A/SLC6A6/SLC20A2/SLC33A1/SLC5A6/SLC6A11/SLC2A13/SLC4A7/SLC15A2/SLC45A4/SLC12A1/SLC15A4/SLC25A3
GO:0043531	ADP binding	32	0.258660663709999	0.776978615105366	0.849484536082474	0.961566808502275	0.961566808502275	3508	tags=34%, list=27%, signal=25%	MYO6/MYO9B/APAF1/ATP1A1/MYO18A/CHORDC1/MYH9/ABCG1/PRKAG1/ME1/RUVBL1
GO:0019888	protein phosphatase regulator activity	69	-0.234837152442472	-0.805966078901762	0.85	0.961566808502275	0.961566808502275	2962	tags=28%, list=23%, signal=21%	PPP3R1/PPP1R35/PTPA/PHACTR2/PABIR2/PPP1R1A/PPP2R2A/CALM2/PPP6R3/PPP2R5A/ANKLE2/PHACTR4/PPP1R1B/PPP2R1A/PPP2R5B/PPP2R1B/CABIN1/IGFBP3/PPP1R10
GO:0017166	vinculin binding	10	-0.313636414910721	-0.709956286503894	0.850597609561753	0.961566808502275	0.961566808502275	2165	tags=40%, list=17%, signal=33%	CTNNA1/ACTN1/CORO2B/DAG1
GO:0004715	non-membrane spanning protein tyrosine kinase activity	25	0.265797757417827	0.758556450397166	0.851239669421488	0.961566808502275	0.961566808502275	3090	tags=44%, list=24%, signal=34%	TNK2/MATK/ABL1/TYK2/STK16/PEAK1/JAK2/PTK2/BAZ1B/JAK1/RIPK2
GO:0042162	telomeric DNA binding	33	-0.25480185934455	-0.757246943650317	0.854651162790698	0.963248579064253	0.963248579064253	1799	tags=21%, list=14%, signal=18%	TERF2/HNRNPD/CTC1/UPF3A/TP53BP1/HMBOX1/ACD
GO:0030291	protein serine/threonine kinase inhibitor activity	27	-0.261277899010159	-0.742092998803191	0.857707509881423	0.963248579064253	0.963248579064253	1145	tags=15%, list=9%, signal=14%	HSPB1/PPP1R1B/RPTOR/MACROH2A1
GO:0008080	N-acetyltransferase activity	52	0.238096099644824	0.780424716761014	0.860706860706861	0.963248579064253	0.963248579064253	3291	tags=37%, list=25%, signal=27%	NAA16/ESCO1/NCOA3/NAA25/SAT1/SAT2/NAA20/GNPNAT1/CLOCK/NAA15/HGSNAT/EPC2/TAF10/MSL3/MCM3AP/NAA40/TAF9/NAA10/TAF1
GO:0001094	TFIID-class transcription factor complex binding	10	-0.307958014949203	-0.697102499257568	0.862549800796813	0.963248579064253	0.963248579064253	2385	tags=30%, list=18%, signal=25%	AHR/ERCC4/FBL
GO:0098847	sequence-specific single stranded DNA binding	14	0.289215753349014	0.724132261937141	0.864300626304802	0.963248579064253	0.963248579064253	1548	tags=21%, list=12%, signal=19%	POT1/TERF1/TERF2IP
GO:0030165	PDZ domain binding	70	-0.231455098362623	-0.796119997298954	0.864341085271318	0.963248579064253	0.963248579064253	3300	tags=29%, list=25%, signal=21%	MAP2K2/SRR/ATP2B2/PRKN/GRIK5/SHISA9/SDC2/CRIPT/CXXC4/ACOX1/ATP2B3/LIN7B/ADAM17/DTNA/SLC26A6/DOCK4/BAIAP2/CCDC88C/ADGRB1/NSF
GO:0042578	phosphoric ester hydrolase activity	275	0.212303772825828	0.879803031740391	0.865603644646925	0.963248579064253	0.963248579064253	3207	tags=29%, list=24%, signal=22%	PPM1M/PTPN18/INPP4B/PDP1/PDE6B/PLPPR1/SSH2/STYXL1/PTPN20/PTPRB/PDE2A/PALD1/PTPN1/PPP4C/GPCPD1/PTPN2/PTPRO/PPM1A/PDE3B/PPA2/HMOX1/PDE4D/DUSP4/SBF1/PDE8B/PLD1/TNS3/APTX/DUSP19/PDE7A/PTPRG/ATP1A1/MTMR7/PTPN12/DUSP6/DUSP22/RNGTT/INPP4A/PTPRZ1/PPP4R1/LRRK2/SSH1/DUSP12/SAMHD1/PDE10A/NT5C2/GNB1/PTPRN2/MTMR10/ENTPD6/SACM1L/PIKFYVE/TIMM50/NT5C3B/PTPRD/HDDC2/DUSP8/DUSP9/PPM1F/PTPRT/INPP1/MTMR12/DUSP16/PPM1B/PXYLP1/DUSP5/CNP/PTPN11/PTPN21/MTMR1/PTPN4/RPAP2/PPP3CC/PLCB1/ARMT1/TIGAR/DUSP1/SMPD3/PLPPR2/FIG4
GO:0009678	pyrophosphate hydrolysis-driven proton transmembrane transporter activity	15	0.292011531742267	0.738142040413373	0.86652977412731	0.963248579064253	0.963248579064253	2719	tags=20%, list=21%, signal=16%	ATP6V1H/ATP6V1F/ATP6V1E2
GO:0042625	ATPase-coupled ion transmembrane transporter activity	15	0.292011531742267	0.738142040413373	0.86652977412731	0.963248579064253	0.963248579064253	2719	tags=20%, list=21%, signal=16%	ATP6V1H/ATP6V1F/ATP6V1E2
GO:0044769	ATPase activity, coupled to transmembrane movement of ions, rotational mechanism	15	0.292011531742267	0.738142040413373	0.86652977412731	0.963248579064253	0.963248579064253	2719	tags=20%, list=21%, signal=16%	ATP6V1H/ATP6V1F/ATP6V1E2
GO:0046961	proton-transporting ATPase activity, rotational mechanism	15	0.292011531742267	0.738142040413373	0.86652977412731	0.963248579064253	0.963248579064253	2719	tags=20%, list=21%, signal=16%	ATP6V1H/ATP6V1F/ATP6V1E2
GO:0016504	peptidase activator activity	31	-0.251866742853718	-0.745746076165426	0.867562380038388	0.963248579064253	0.963248579064253	2698	tags=26%, list=21%, signal=21%	PSME2/FN1/VCP/BCL2L13/APH1B/APP/PSME3/EBAG9
GO:0005109	frizzled binding	18	-0.271042261203233	-0.708907077084677	0.868068833652008	0.963248579064253	0.963248579064253	738	tags=11%, list=6%, signal=11%	DVL2/CCDC88C
GO:0030295	protein kinase activator activity	76	0.232830752883346	0.816006910218809	0.868200836820084	0.963248579064253	0.963248579064253	3187	tags=28%, list=24%, signal=21%	CCNB1/HMGB1/CAB39/ETAA1/DAB2IP/MAP2K6/DUSP19/WNK1/DBF4/TAL1/MOB2/MT3/CCNT2/CD24/BMPR1A/MNAT1/AGAP2/ALS2/CCNT1/STRADA/CCNK
GO:0019829	ATPase-coupled cation transmembrane transporter activity	37	-0.248787795489653	-0.756245300276013	0.868884540117417	0.963248579064253	0.963248579064253	3433	tags=27%, list=26%, signal=20%	ATP5F1B/ATP2B2/ATP2A2/ATP2C1/ATP6V1B2/ATP1A3/ATP2B3/ATP13A1/ATP7B/ABCC8
GO:0005324	long-chain fatty acid transporter activity	11	0.288891952142466	0.686104304984518	0.868951612903226	0.963248579064253	0.963248579064253	2514	tags=36%, list=19%, signal=29%	MFSD2A/FABP5/SLC27A1/ABCD2
GO:0016505	peptidase activator activity involved in apoptotic process	15	0.290167568811924	0.733480900657253	0.870636550308008	0.963991518406303	0.963991518406303	2162	tags=27%, list=16%, signal=22%	CASP8AP2/APAF1/CTSH/BAD
GO:1990404	protein ADP-ribosylase activity	11	-0.295030257307677	-0.683210553118928	0.873517786561265	0.966055759293599	0.966055759293599	3264	tags=55%, list=25%, signal=41%	TNKS2/PARP1/TNKS/PARP2/PARP16/PARP6
GO:0004526	ribonuclease P activity	11	0.283968814198539	0.674412092334388	0.877016129032258	0.967592592592593	0.967592592592593	1466	tags=18%, list=11%, signal=16%	RPP21/POP1
GO:0030544	Hsp70 protein binding	39	0.245717762645311	0.76916580151774	0.877338877338877	0.967592592592593	0.967592592592593	2644	tags=23%, list=20%, signal=18%	METTL21A/MVD/CYP2E1/PPID/CREB1/DNAJB14/DNAJC2/DNAJB12/BAX
GO:0031624	ubiquitin conjugating enzyme binding	29	0.250701306141073	0.73854829263077	0.878048780487805	0.967592592592593	0.967592592592593	1032	tags=10%, list=8%, signal=10%	SIAH1/DCUN1D5/MARCHF7
GO:1990380	Lys48-specific deubiquitinase activity	14	-0.271015671787611	-0.672813979139426	0.879541108986616	0.967592592592593	0.967592592592593	3321	tags=36%, list=25%, signal=27%	OTUD5/ATXN3/USP9X/MINDY4/USP19
GO:0016410	N-acyltransferase activity	68	0.227833048180168	0.785955633777789	0.88	0.967592592592593	0.967592592592593	3291	tags=32%, list=25%, signal=24%	CERS5/PLAAT1/NAA16/ESCO1/NCOA3/NAA25/SAT1/SAT2/NAA20/GNPNAT1/CLOCK/NAA15/HGSNAT/EPC2/TAF10/MSL3/MCM3AP/NAA40/TAF9/CERS1/NAA10/TAF1
GO:0016877	ligase activity, forming carbon-sulfur bonds	28	0.250828147235836	0.735420321785681	0.881048387096774	0.967625396233452	0.967625396233452	3192	tags=36%, list=24%, signal=27%	UBA5/AASDH/ACSS1/UBA6/ACSL6/NAE1/SLC27A1/UBA2/ACSS2/ACSBG1
GO:0005507	copper ion binding	34	-0.248805515787824	-0.742028622270724	0.882692307692308	0.967837148189054	0.967837148189054	1358	tags=18%, list=10%, signal=16%	CUTA/GPC1/CCS/DCT/ATP7B/COX11
GO:1990226	histone methyltransferase binding	10	0.294114039763574	0.676364070226591	0.884	0.967837148189054	0.967837148189054	3260	tags=50%, list=25%, signal=38%	LCORL/NOP56/LCOR/WIZ/PHF1
GO:0008327	methyl-CpG binding	19	0.2597315286924	0.706442235797355	0.884297520661157	0.967837148189054	0.967837148189054	1839	tags=21%, list=14%, signal=18%	CXXC5/MBD3/ZBTB38/ZBTB33
GO:0048156	tau protein binding	45	0.232180148399706	0.756451337371234	0.885892116182573	0.96846664024562	0.96846664024562	954	tags=11%, list=7%, signal=10%	ROCK1/PIN1/BIN1/BRSK2/LGMN
GO:0008509	anion transmembrane transporter activity	186	-0.214168943217706	-0.839735393028098	0.893058161350844	0.974440472626741	0.974440472626741	2873	tags=26%, list=22%, signal=20%	SLC38A2/SLC12A2/CLCN4/SLC25A22/SLC2A3/SLC13A3/SLC25A19/SLC25A42/SLC1A2/SLC24A3/GET3/MFSD10/SLC25A1/SLC13A5/SLC35B1/CTNS/SLC16A1/MFSD5/SLC9A8/SLC35B4/SLC7A8/TTYH3/PACC1/SLC36A4/ASIC3/SLC52A2/SLC12A8/SLC26A11/SLC9A7/SLCO3A1/CLCC1/GABRB3/SLC25A30/SLC26A6/SLC25A14/SLC38A6/SLC25A11/CLCN6/SLC12A6/CLCN7/SLC9A1/ABCC10/SLC2A6/SLC25A17/ABCC1/SLC36A1/GPR89B/SLC25A23
GO:0008603	cAMP-dependent protein kinase regulator activity	10	0.290390888385624	0.667802065427079	0.894	0.974440472626741	0.974440472626741	3660	tags=40%, list=28%, signal=29%	PRKAR2A/PRKAR1A/PRKAG1/PKIG
GO:0061631	ubiquitin conjugating enzyme activity	31	-0.243711613696987	-0.721599753787381	0.894433781190019	0.974440472626741	0.974440472626741	3205	tags=29%, list=24%, signal=22%	UBE2A/UBE2T/UBE2D2/UBE2O/UBE2E3/AKTIP/UBE2Z/UBE2D4/UBE2D1
GO:0000339	RNA cap binding	17	0.2676869385837	0.705572098228612	0.897959183673469	0.976230492196879	0.976230492196879	3113	tags=29%, list=24%, signal=22%	CYFIP1/EIF4G3/EIF3D/NCBP2/EIF4E
GO:0070064	proline-rich region binding	16	-0.263130875098874	-0.66720952524818	0.898406374501992	0.976230492196879	0.976230492196879	3131	tags=62%, list=24%, signal=48%	GHR/YAP1/NEDD4/PFN1/CSK/GIGYF2/ABI2/RABAC1/CYLD/BAIAP2
GO:0019843	rRNA binding	62	0.227225261314906	0.769551032270371	0.899159663865546	0.976230492196879	0.976230492196879	2011	tags=13%, list=15%, signal=11%	MTERF4/PPAN/ERI1/NOP53/PTCD3/RPUSD4/UTP23/CIRBP
GO:0016799	hydrolase activity, hydrolyzing N-glycosyl compounds	31	-0.241061715005287	-0.713753733589632	0.900191938579655	0.976235549829534	0.976235549829534	1384	tags=26%, list=11%, signal=23%	TIRAP/SARM1/NEIL1/SMUG1/ADPRHL1/MAN2A2/MUTYH/TDG
GO:0015318	inorganic molecular entity transmembrane transporter activity	439	0.204932501436539	0.895598027538377	0.902222222222222	0.977321677435703	0.977321677435703	2970	tags=24%, list=23%, signal=19%	GPR89A/PKD1/GABRA5/ASIC1/GRIA4/AQP1/SLC25A18/SURF1/ANO6/TRPV1/MFSD2A/KCNK4/GABRA2/ATP13A3/SLC6A6/COX7A1/CACNA1D/KCNQ5/KCNE3/GABRA4/KCNT1/PSEN1/GRIK4/TMEM175/KCNAB2/SLC41A2/KCNK1/SLC9A9/KCNH7/MCOLN1/TSPOAP1/SLC47A1/LRRC8C/KCNH3/SLC20A2/LETM1/ATP1A1/KCNIP4/SLC33A1/KCNN3/ORAI2/KCNH1/KCNIP2/SLC5A6/KCNMB3/TMEM63A/KCNMA1/KCNN1/TRPV3/RYR2/CACHD1/KCNK10/KCNK6/PKD2/CNNM4/ATP6V1H/SLC6A11/SLC2A13/SLC4A7/NOX5/ATP6V1F/SLC15A2/TTYH1/ABCC5/CACNB1/SLC45A4/SLC12A1/ADAMTS8/ITPR2/SLC39A10/ANO8/P2RX4/MCU/TPCN2/GRIK2/TRPC1/SLC24A4/P2RX6/GRIN2A/SLC15A4/RYR3/SLC25A3/TMEM120A/GPM6A/SCN2A/KCNQ2/ASIC2/ABCC4/SLC8A1/CACNB2/CNGA3/ANO5/ATP6V1E2/ANO3/CNR1/TUSC3/SLC30A10/SLC46A1/SLC24A1/TRPC4/TRPM7/CYTB/SLC8B1/SLC17A5/CATSPER2/SCN4B
GO:0005161	platelet-derived growth factor receptor binding	10	0.284271829703353	0.65373027395591	0.904	0.978132118451025	0.978132118451025	2205	tags=30%, list=17%, signal=25%	PDGFD/PDGFB/PDGFC
GO:0003756	protein disulfide isomerase activity	18	-0.250921692137018	-0.656282022443048	0.910133843212237	0.982530853467756	0.982530853467756	2694	tags=50%, list=21%, signal=40%	TMX3/ERP44/PDIA2/CRELD2/CRELD1/QSOX2/ERO1B/PDIA3/PDIA6
GO:0016864	intramolecular oxidoreductase activity, transposing S-S bonds	18	-0.250921692137018	-0.656282022443048	0.910133843212237	0.982530853467756	0.982530853467756	2694	tags=50%, list=21%, signal=40%	TMX3/ERP44/PDIA2/CRELD2/CRELD1/QSOX2/ERO1B/PDIA3/PDIA6
GO:0005044	scavenger receptor activity	17	-0.253672269805846	-0.653290820531573	0.9140625	0.983625331887364	0.983625331887364	3252	tags=35%, list=25%, signal=27%	SCARB1/ACKR3/SCARB2/LGALS3BP/TMPRSS5/LRP1
GO:0004550	nucleoside diphosphate kinase activity	16	-0.254688577300819	-0.645802757594147	0.914342629482072	0.983625331887364	0.983625331887364	3184	tags=38%, list=24%, signal=28%	AK9/NME3/CMPK2/AK7/AK4/NME9
GO:0019789	SUMO transferase activity	20	-0.25063861640178	-0.667640772428413	0.914396887159533	0.983625331887364	0.983625331887364	2560	tags=30%, list=20%, signal=24%	HDAC4/MDM2/PIAS3/PML/UHRF2/UBE2I
GO:1990381	ubiquitin-specific protease binding	19	0.252977505807183	0.688072009234257	0.915289256198347	0.983625331887364	0.983625331887364	2211	tags=16%, list=17%, signal=13%	CHMP3/DERL2/LCOR
GO:0042562	hormone binding	43	-0.225316462516808	-0.70970909974005	0.924710424710425	0.991582491582492	0.991582491582492	2257	tags=16%, list=17%, signal=14%	ATP1A3/NRDC/IDE/ECE1/INHBA/IGF1R/NPR2
GO:0005518	collagen binding	41	0.229950505897218	0.730234070354394	0.925311203319502	0.991582491582492	0.991582491582492	2207	tags=20%, list=17%, signal=16%	COL5A3/HSD17B12/SMAD7/SMAD4/ADGRG1/CTSB/PDGFB/ITGA9
GO:0050136	NADH dehydrogenase (quinone) activity	43	-0.223718228142762	-0.704674929284382	0.926640926640927	0.991582491582492	0.991582491582492	1709	tags=9%, list=13%, signal=8%	NDUFA10/NDUFC1/NDUFS3/NDUFB2
GO:0008514	organic anion transmembrane transporter activity	113	-0.212777578167755	-0.790052804743806	0.926966292134832	0.991582491582492	0.991582491582492	2873	tags=26%, list=22%, signal=20%	SLC38A2/SLC25A22/SLC2A3/SLC13A3/SLC25A19/SLC25A42/SLC1A2/MFSD10/SLC25A1/SLC13A5/SLC35B1/CTNS/SLC16A1/SLC35B4/SLC7A8/SLC36A4/ASIC3/SLC52A2/SLCO3A1/SLC25A30/SLC26A6/SLC25A14/SLC38A6/SLC25A11/SLC2A6/SLC25A17/ABCC1/SLC36A1/SLC25A23
GO:0004519	endonuclease activity	96	0.213413661022018	0.78145559108661	0.92901878914405	0.991582491582492	0.991582491582492	1954	tags=19%, list=15%, signal=16%	PMS2/RNASET2/POLB/EXOG/ELAC1/ZGRF1/MBD4/RBBP8/OGG1/RPP21/SLX4/POP1/NUDT12/ERCC1/DFFB/DNASE1L1/ZC3H12B/DCLRE1C
GO:0050145	nucleoside monophosphate kinase activity	18	-0.245245279837112	-0.641435448945653	0.92925430210325	0.991582491582492	0.991582491582492	2533	tags=33%, list=19%, signal=27%	AK9/CMPK2/MPP1/AK2/AK7/AK4
GO:0008526	phosphatidylinositol transfer activity	10	0.273033388691306	0.627885612776118	0.93	0.991582491582492	0.991582491582492	444	tags=10%, list=3%, signal=10%	PITPNM2
GO:0008137	NADH dehydrogenase (ubiquinone) activity	42	-0.224870127290136	-0.705068915223533	0.932432432432432	0.991781885636634	0.991781885636634	1709	tags=10%, list=13%, signal=8%	NDUFA10/NDUFC1/NDUFS3/NDUFB2
GO:0035035	histone acetyltransferase binding	23	-0.239227803338538	-0.661625233475388	0.933586337760911	0.991781885636634	0.991781885636634	2523	tags=22%, list=19%, signal=18%	TRIM68/SIRT2/EGR1/STAT1/BCAS3
GO:0005385	zinc ion transmembrane transporter activity	15	-0.23406041360774	-0.591775613792114	0.933980582524272	0.991781885636634	0.991781885636634	722	tags=40%, list=6%, signal=38%	SLC39A3/SLC39A13/SLC30A4/SLC30A6/SLC30A5/SLC39A11
GO:0001091	RNA polymerase II general transcription initiation factor binding	19	-0.245610148508126	-0.647452915032945	0.934362934362934	0.991781885636634	0.991781885636634	3003	tags=32%, list=23%, signal=24%	TBP/NOLC1/AHR/ERCC4/HNRNPU/FBL
GO:0047834	D-threo-aldose 1-dehydrogenase activity	10	-0.266285617686939	-0.602771678589138	0.936254980079681	0.992213570634038	0.992213570634038	2570	tags=30%, list=20%, signal=24%	AKR1C1/AKR1E2/AKR1B1
GO:0038024	cargo receptor activity	33	0.235513862208265	0.712469815663798	0.938271604938272	0.992213570634038	0.992213570634038	1958	tags=18%, list=15%, signal=16%	MIA3/PGBD1/COLEC12/LDLR/LRP1B/ACKR2
GO:0016722	oxidoreductase activity, acting on metal ions	12	-0.250768454714798	-0.602668218775677	0.938931297709924	0.992213570634038	0.992213570634038	2490	tags=42%, list=19%, signal=34%	HEPH/MTRR/CYBRD1/CYB561D1/FXN
GO:0008157	protein phosphatase 1 binding	23	0.226364179360413	0.635586084987794	0.938947368421053	0.992213570634038	0.992213570634038	2929	tags=22%, list=22%, signal=17%	C20orf27/PPP1R9B/PPP1R16A/PPP1R16B/PHACTR1
GO:0031072	heat shock protein binding	111	0.208156796240153	0.776635215838426	0.943722943722944	0.99490576763304	0.99490576763304	2344	tags=20%, list=18%, signal=16%	ARNTL/METTL21A/METTL22/MVD/CYP2E1/HTT/DNAJC7/CDC37L1/APAF1/IRAK1/EEF1AKMT3/MAPT/HDAC6/PPID/CHORDC1/CREB1/CSNK2A1/DNAJB14/DNAJC2/BAK1/HSPA14/DNAJB12
GO:0005078	MAP-kinase scaffold activity	11	-0.26015478188245	-0.602448352411132	0.944664031620553	0.99490576763304	0.99490576763304	4075	tags=55%, list=31%, signal=38%	SH3RF1/MAPK8IP3/MAP2K2/SPAG9/IQGAP1/KSR1
GO:0061659	ubiquitin-like protein ligase activity	240	-0.202052188405409	-0.822432234681104	0.946096654275093	0.99490576763304	0.99490576763304	3425	tags=29%, list=26%, signal=22%	RNF149/LTN1/TRIM41/FANCL/RNFT2/SMURF2/PELI3/RNF145/CBX4/UBE2D2/UBE2O/BFAR/MARCHF6/PRKN/COP1/MED30/RNF13/HECW2/AREL1/NSMCE1/MED1/TRIM25/RNF175/RAD18/PPIL2/MDM2/TRIM68/C18orf25/UBR1/RNF150/ZNRF2/HECTD1/DTX3L/PIAS3/NOSIP/TRIM3/CBL/UBE3A/ZNF598/CHFR/ASB1/GID4/RNF112/TRIM24/UBE4B/RNF128/SYVN1/RNF165/MED24/RMND5B/UHRF2/RNF115/RNF121/MGRN1/UBE3C/SMURF1/RNFT1/TRIM4/PELI2/TRIM69/RFWD3/RNF31/ZNRF1/TRIM39/UBE2D1/MED12/RBBP6/WWP2/LRSAM1
GO:0004712	protein serine/threonine/tyrosine kinase activity	37	0.226693603133731	0.701499803085882	0.94704684317719	0.99490576763304	0.99490576763304	2215	tags=19%, list=17%, signal=16%	SGK1/TNK2/DYRK4/MAP2K6/PAK3/MAPK10/MAP2K7
GO:0140677	molecular function activator activity	106	-0.207561925722831	-0.762184174980773	0.948473282442748	0.99490576763304	0.99490576763304	2459	tags=24%, list=19%, signal=19%	PDPK1/DTX3L/PLAA/DNAJB2/CALM2/JMJD6/DCP1A/NUPR1/GTF2H4/CTSA/PITRM1/AHSA2P/MMP24/STX4/BRPF1/TOR1AIP2/TOR1AIP1/RAB3A/DNAJB4/PPP1R12B/DNAJB6/SRC/BCAS3/DCP1B/FYN
GO:0000062	fatty-acyl-CoA binding	18	-0.230532449034419	-0.602954254781773	0.950286806883365	0.99490576763304	0.99490576763304	2426	tags=33%, list=19%, signal=27%	ACBD4/ACOT7/ACBD6/ALDH6A1/SCP2/ACADVL
GO:1901567	fatty acid derivative binding	18	-0.230532449034419	-0.602954254781773	0.950286806883365	0.99490576763304	0.99490576763304	2426	tags=33%, list=19%, signal=27%	ACBD4/ACOT7/ACBD6/ALDH6A1/SCP2/ACADVL
GO:0044183	protein folding chaperone	33	0.229679320408521	0.694819326297398	0.950617283950617	0.99490576763304	0.99490576763304	4051	tags=33%, list=31%, signal=23%	CCT3/CD74/HSPA14/DFFA/FKBP8/CCDC47/DNAJB1/HSPA8/CCT5/WDR83OS/CCT2
GO:0008135	translation factor activity, RNA binding	80	-0.209722808236003	-0.736302131997114	0.954022988505747	0.99490576763304	0.99490576763304	3106	tags=28%, list=24%, signal=21%	EIF1AD/EIF1B/EEF1D/EIF2B1/EIF4E2/EIF4A2/CPEB2/HBS1L/EIF2B4/EIF3M/MTRFR/GSPT1/EIF3C/TSFM/GTPBP1/MRPL58/EIF2B3/GTPBP2/EIF2B2/EIF2S3/EIF3F/GCN1
GO:0019212	phosphatase inhibitor activity	33	0.223772540126854	0.676950303136782	0.954732510288066	0.99490576763304	0.99490576763304	2929	tags=27%, list=22%, signal=21%	STYXL1/BOD1L1/ARPP19/PPP1R9B/URI1/ANP32E/ENSA/PPP1R26/PHACTR1
GO:0016405	CoA-ligase activity	15	-0.216668712222457	-0.547804125390775	0.955339805825243	0.99490576763304	0.99490576763304	2613	tags=47%, list=20%, signal=37%	SLC27A3/AACS/SLC27A4/ACSL1/ACSL3/ACSF3/DIP2A
GO:0019213	deacetylase activity	34	-0.22217658763442	-0.662611464625929	0.955769230769231	0.99490576763304	0.99490576763304	2843	tags=24%, list=22%, signal=18%	SIRT1/HDAC4/SIRT2/HDAC1/HDAC9/SUDS3/HDAC3/MIER2
GO:0000287	magnesium ion binding	172	0.201856731917191	0.800493884474978	0.956140350877193	0.99490576763304	0.99490576763304	1561	tags=15%, list=12%, signal=13%	WRN/PAPOLA/RPS6KA6/PDE2A/STK38/DXO/ATP11A/MTHFD2/PPM1A/PPA2/ATP10A/BRSK2/ENOSF1/FIGNL1/ATP8B4/IRAK3/ATP8B1/ATP11B/SRPK1/ABL1/ATP9B/MORC2/WNK1/NUDT12/MAST2
GO:0072349	modified amino acid transmembrane transporter activity	17	-0.230818094561019	-0.594433686049776	0.95703125	0.99490576763304	0.99490576763304	296	tags=18%, list=2%, signal=17%	SLC13A3/CTNS/ABCC1
GO:0000340	RNA 7-methylguanosine cap binding	11	0.236235866963551	0.561048669280729	0.959677419354839	0.99490576763304	0.99490576763304	525	tags=9%, list=4%, signal=9%	CYFIP1
GO:0004993	G protein-coupled serotonin receptor activity	10	0.242195252270819	0.556968197598215	0.96	0.99490576763304	0.99490576763304	9938	tags=100%, list=76%, signal=24%	HRH2/HTR2A/HTR4/HTR1E/CHRM3/HTR7/HRH3/HRH1/CHRM1/HTR5A
GO:0099589	serotonin receptor activity	10	0.242195252270819	0.556968197598215	0.96	0.99490576763304	0.99490576763304	9938	tags=100%, list=76%, signal=24%	HRH2/HTR2A/HTR4/HTR1E/CHRM3/HTR7/HRH3/HRH1/CHRM1/HTR5A
GO:0003950	NAD+ ADP-ribosyltransferase activity	15	-0.20589426944814	-0.520563070879417	0.963106796116505	0.99490576763304	0.99490576763304	2586	tags=33%, list=20%, signal=27%	TNKS/PARP2/SIRT2/PARP16/PARP6
GO:0042826	histone deacetylase binding	92	0.206374132855267	0.751210378869912	0.966457023060797	0.99490576763304	0.99490576763304	3185	tags=32%, list=24%, signal=24%	MEF2C/KPNA2/DDX20/SATB2/CCND1/TOP2B/UHRF1BP1/PRDM1/HDAC6/TAL1/RFXANK/RELA/DACT1/NCOR1/MIER3/MTA2/PKN2/LCOR/PKN1/MAPK8/MTA3/CRY1/NIPBL/DHX36/MEF2A/HDAC2/BCOR/RAD9A/HDAC5
GO:0015179	L-amino acid transmembrane transporter activity	35	-0.221918631159172	-0.663900000442864	0.966796875	0.99490576763304	0.99490576763304	3552	tags=34%, list=27%, signal=25%	SLC3A2/SLC25A29/SLC38A1/SLC38A2/SLC25A22/SLC1A2/CTNS/SLC7A8/SLC36A4/SLC43A2/SLC38A6/SLC36A1
GO:0042803	protein homodimerization activity	477	0.195309250164095	0.861863143876147	0.966887417218543	0.99490576763304	0.99490576763304	1947	tags=16%, list=15%, signal=14%	PRKRA/WRN/GPD1/SMCHD1/SLK/SYT6/PEX11A/ZNF318/FBXO4/SHMT1/SRGAP2C/TPI1/EEA1/MTHFD1L/RNF8/PDE2A/ABCB7/GBP4/UXS1/ABCG2/SPPL2B/UBA5/TPM1/CHUK/CYP2R1/SYNDIG1/MVD/STARD3/PTPRO/HMOX1/NRF1/TERF1/GCH1/ST6GAL1/RIPK1/PEX7/MAP3K10/DAB2IP/IRAK3/KNSTRN/ZBTB38/CDH13/SMAD4/ZDHHC3/FLRT3/DPYD/MFSD1/MORC2/IRAK1/DGKD/ACVR1/ATIC/ODC1/TPD52L1/AXIN1/TPM4/SYNE1/SDCBP2/GLB1/ALDH3A2/TPD52/RAB11FIP3/HOOK1/LRRK2/RELA/DGCR8/DNM1L/CIP2A/WDR54/ACSL6/PPCS/PKD2/PRPH2/TCF3
GO:0031593	polyubiquitin modification-dependent protein binding	44	-0.210861384600265	-0.66434118540583	0.967054263565892	0.99490576763304	0.99490576763304	4107	tags=36%, list=31%, signal=25%	ZRANB3/BABAM2/BAG6/PRPF8/UBQLN4/AGAP3/SPRTN/SHARPIN/RAD18/VCP/ZFAND2B/SQSTM1/ABRAXAS2/TAB2/RNF31/RNF169
GO:0003955	NAD(P)H dehydrogenase (quinone) activity	45	-0.208845727579109	-0.661342673991105	0.967307692307692	0.99490576763304	0.99490576763304	1709	tags=9%, list=13%, signal=8%	NDUFA10/NDUFC1/NDUFS3/NDUFB2
GO:0015252	proton channel activity	17	-0.222206428901857	-0.57225577070679	0.96875	0.99490576763304	0.99490576763304	1220	tags=53%, list=9%, signal=48%	ATP5ME/ATP5PB/ATP5F1C/ATP6V0C/ATP5PF/ATP5PO/ATP5F1D/ATP5F1B/ATP5F1A
GO:0022884	macromolecule transmembrane transporter activity	24	0.209709425722165	0.591096348505107	0.972457627118644	0.99490576763304	0.99490576763304	197	tags=4%, list=2%, signal=4%	SIDT2
GO:0120227	acyl-CoA binding	21	0.206569082665894	0.568456947077776	0.97286012526096	0.99490576763304	0.99490576763304	213	tags=5%, list=2%, signal=5%	ACBD3
GO:0051010	microtubule plus-end binding	19	-0.21611691883478	-0.569705811984748	0.972972972972973	0.99490576763304	0.99490576763304	1752	tags=21%, list=13%, signal=18%	NUMA1/TTBK2/DCTN1/STIM1
GO:0005496	steroid binding	63	0.208430104830027	0.704595511245984	0.974630021141649	0.99490576763304	0.99490576763304	2638	tags=22%, list=20%, signal=18%	CALB1/NR3C2/OSBPL3/CYP2R1/STARD3/KL/OSBPL6/ATP1A1/OSBPL8/APOD/SOAT1/OSBPL1A/INSIG2/ESRRA
GO:0016878	acid-thiol ligase activity	19	0.207146185800221	0.563415675294889	0.975206611570248	0.99490576763304	0.99490576763304	3192	tags=32%, list=24%, signal=24%	AASDH/ACSS1/ACSL6/SLC27A1/ACSS2/ACSBG1
GO:0031386	protein tag	11	0.221954380780521	0.527130835713243	0.975806451612903	0.99490576763304	0.99490576763304	1242	tags=9%, list=9%, signal=8%	SUMO4
GO:0015645	fatty acid ligase activity	10	-0.22788870115408	-0.515855329023582	0.97808764940239	0.99490576763304	0.99490576763304	3479	tags=50%, list=27%, signal=37%	SLC27A3/SLC27A4/ACSL1/ACSL3/ACSF3
GO:0015106	bicarbonate transmembrane transporter activity	11	-0.224017365001316	-0.518763835436656	0.978260869565217	0.99490576763304	0.99490576763304	936	tags=27%, list=7%, signal=25%	SLC4A4/SLC4A3/SLC26A6
GO:0015491	cation:cation antiporter activity	20	-0.222908600773747	-0.593774704544946	0.978599221789883	0.99490576763304	0.99490576763304	3838	tags=40%, list=29%, signal=28%	SLC41A1/SLC9A2/SLC24A2/SLC3A2/SLC24A3/SLC9A8/SLC9A7/SLC9A1
GO:0015298	solute:cation antiporter activity	25	0.212427455170989	0.606243701703258	0.979338842975207	0.99490576763304	0.99490576763304	2946	tags=28%, list=22%, signal=22%	SLC9A9/SLC47A1/LETM1/SLC24A4/SLC8A1/SLC24A1/SLC8B1
GO:0003954	NADH dehydrogenase activity	45	-0.199695707325091	-0.632367703174079	0.980769230769231	0.99490576763304	0.99490576763304	1709	tags=9%, list=13%, signal=8%	NDUFA10/NDUFC1/NDUFS3/NDUFB2
GO:0004857	enzyme inhibitor activity	42	0.204110251943688	0.652934751496564	0.981404958677686	0.99490576763304	0.99490576763304	2559	tags=19%, list=20%, signal=15%	POT1/TEN1/PPP1R12C/PPP1R12A/LRRK2/PRPSAP1/CABP1/DFFA
GO:0070840	dynein complex binding	20	-0.209383003528783	-0.557745778428838	0.982490272373541	0.99490576763304	0.99490576763304	210	tags=20%, list=2%, signal=20%	BICD1/NUMA1/KATNB1/DNAAF1
GO:0019199	transmembrane receptor protein kinase activity	92	-0.200823819284419	-0.721767574932738	0.982857142857143	0.99490576763304	0.99490576763304	1316	tags=30%, list=10%, signal=28%	MAP2K4/ACVR1B/ERBB2/EPHA5/EIF2AK2/MAP2K2/CLK1/YES1/CSK/DYRK1A/PKDCC/DYRK1B/EFEMP1/IGF2R/CLK3/ACVR2B/FGFR1/MAP2K5/DSTYK/STYK1/EPHB2/IGF1R/DDR1/CLK2/SRC/NRP2/EPHB1/FYN
GO:0090079	translation regulator activity, nucleic acid binding	96	-0.193920232045828	-0.701883038046407	0.984703632887189	0.99490576763304	0.99490576763304	2254	tags=24%, list=17%, signal=20%	EEF1D/EIF2B1/EIF4E2/EIF4A2/CPEB2/HBS1L/EIF2B4/CELF1/EIF3M/MTRFR/GSPT1/EIF3C/TSFM/GTPBP1/MRPL58/EIF2B3/GTPBP2/EIF2B2/EIF2S3/CELF4/RARA/EIF3F/GCN1
GO:0004864	protein phosphatase inhibitor activity	30	0.207657558883347	0.611339671638443	0.985324947589099	0.99490576763304	0.99490576763304	2929	tags=27%, list=22%, signal=21%	STYXL1/BOD1L1/ARPP19/PPP1R9B/URI1/ENSA/PPP1R26/PHACTR1
GO:0003743	translation initiation factor activity	48	0.192011967362956	0.627580437357704	0.98559670781893	0.99490576763304	0.99490576763304	3295	tags=31%, list=25%, signal=23%	DHX29/EIF3L/MTIF3/EIF5B/EIF4G3/EIF2B5/EIF3E/EIF4G1/EIF3D/EIF2D/EIF4G2/EIF3J/MTIF2/EIF4E/EIF3G
GO:0008252	nucleotidase activity	10	0.220777820354986	0.507715256677616	0.986	0.99490576763304	0.99490576763304	2478	tags=20%, list=19%, signal=16%	NT5C2/NT5C3B
GO:0015081	sodium ion transmembrane transporter activity	84	0.196692260540062	0.703012237583911	0.989517819706499	0.99490576763304	0.99490576763304	2570	tags=24%, list=20%, signal=19%	ASIC1/MFSD2A/SLC6A6/GRIK4/KCNK1/SLC9A9/SLC20A2/ATP1A1/SLC5A6/PKD2/CNNM4/SLC6A11/SLC4A7/SLC12A1/TPCN2/GRIK2/SLC24A4/SCN2A/ASIC2/SLC8A1
GO:0016307	phosphatidylinositol phosphate kinase activity	12	0.205555683248728	0.497876568679622	0.989539748953975	0.99490576763304	0.99490576763304	4118	tags=58%, list=31%, signal=40%	PIKFYVE/PIP5K1A/PIK3C2A/PIP4K2A/PIP5K1C/PIK3CB/PIP4K2B
GO:0016407	acetyltransferase activity	69	0.191410041827782	0.663947848448581	0.989626556016598	0.99490576763304	0.99490576763304	3522	tags=35%, list=27%, signal=26%	NAA16/ESCO1/NCOA3/NAA25/SAT1/SAT2/NAA20/GNPNAT1/CLOCK/NAA15/HGSNAT/EPC2/DBT/TAF10/MSL3/MCM3AP/NAA40/TAF9/PAFAH1B3/NAA10/TAF1/LPCAT4/GCAT/NAT14
GO:0140296	general transcription initiation factor binding	43	0.195575356165919	0.630251700092148	0.989669421487603	0.99490576763304	0.99490576763304	2191	tags=21%, list=17%, signal=17%	TAF13/TAF1B/NOP58/BRF1/ERCC1/BDP1/RELA/YEATS2/ZNHIT6
GO:0070003	threonine-type peptidase activity	13	0.18297743238577	0.454807299429943	0.995771670190275	0.99998212122702	0.99998212122702	2685	tags=15%, list=20%, signal=12%	TASP1/PSMA4
GO:0004930	G protein-coupled receptor activity	164	0.183761680820048	0.72551326254663	0.99780701754386	1	1	3111	tags=18%, list=24%, signal=14%	OR14I1/ACKR1/ADGRL2/ADGRV1/GPR85/NPY1R/VIPR1/LPAR6/TAS2R43/ADGRG1/PTGDR2/PPARG/ACKR2/GPR179/ADGRB3/ZNF219/GPR26/SORCS2/SIGMAR1/GRM7/MC1R/CX3CR1/CNR1/ADGRB2/ADRA1A/GRM1/HRH2/GRM2/P2RY12/TAS2R10
GO:0015453	oxidoreduction-driven active transmembrane transporter activity	67	-0.17114327636207	-0.586753287591566	0.99811320754717	1	1	1869	tags=10%, list=14%, signal=9%	CYB5A/NDUFA10/COX15/CYB561D1/NDUFC1/NDUFS3/NDUFB2
GO:0003729	mRNA binding	270	0.183420080843689	0.760794617720924	1	1	1	2936	tags=23%, list=22%, signal=18%	PPIE/CPSF1/SHMT1/ARC/SAMD4A/RBM4/PUM3/DXO/DHFR/HNRNPC/LUC7L3/JRK/ELAVL3/SHFL/PABPC1L/RPS2/HNRNPLL/RPL24/FYTTD1/CSTF3/UPF3B/AQR/TRA2B/CPEB4/SLC4A1AP/SAMD4B/PARN/EIF4G3/RAVER1/NXF1/NSRP1/SRRM3/ZC3H12B/UTP23/CIRBP/GNL3/FUBP1/RBM25/EXOSC8/RC3H2/PCBP4/CSDC2/YTHDF2/ZNF385A/SUPT5H/HNRNPA3/ACO1/PABPC4/PUM1/SYNCRIP/MIR573/SF3B1/EIF4G1/CELF3/NANOS3/METTL14/EIF3D/RPL35/RPL26/EXOSC9/SHMT2/DHX36
GO:0061608	nuclear import signal receptor activity	19	-0.160545381082869	-0.423213680739822	1	1	1	3829	tags=32%, list=29%, signal=22%	KPNA1/TNPO3/TNPO1/KPNA6/KPNA3/IPO11
